3.49305000000000e-05
2.19954000000000e-05
3.99972000000000e-05
2.60380000000000e-05
4.25748000000000e-05
1.98073000000000e-05
2.15152000000000e-05
4.33277000000000e-06
1.89468000000000e-05
1.85334000000000e-05
6.86961000000000e-05
6.61352000000000e-05
6.21894000000000e-05
1.94215000000000e-05
3.27989000000000e-05
-2.37401000000000e-05
-3.92764000000000e-05
-4.81091000000000e-05
-4.39130000000000e-05
-6.64606000000000e-05
-0.000136808000000000
-0.000209811000000000
-0.000203323000000000
-0.000136856000000000
6.58645000000000e-05
4.86344000000000e-05
0.000157564000000000
0.000246767000000000
0.000235335000000000
0.000241537000000000
0.000132729000000000
-9.98472000000000e-06
3.58876000000000e-05
0.000240071000000000
0.000309165000000000
0.000367151000000000
0.000628957000000000
0.000413580000000000
-1.42621000000000e-05
-0.000452032000000000
-0.000767973000000000
-0.000870958000000000
-0.000612228000000000
-0.000141549000000000
0.000649949000000000
0.00100085000000000
0.00139872000000000
0.00192865000000000
0.00168922000000000
0.00102632000000000
0.000428254000000000
0.000123454000000000
-0.00105262000000000
-0.00267866000000000
-0.00412891000000000
-0.00526147000000000
-0.00553143000000000
-0.00531741000000000
-0.00393631000000000
-0.00234448000000000
-0.00159613000000000
-0.000707027000000000
-0.000217957000000000
0.000883793000000000
0.00184212000000000
0.00313355000000000
0.00514239000000000
0.00773443000000000
0.00920502000000000
0.00908838000000000
0.00814757000000000
0.00614838000000000
0.00226303000000000
-0.00212599000000000
-0.00407686000000000
-0.00414101000000000
-0.00430523000000000
-0.00394483000000000
-0.00315555000000000
-0.00319591000000000
-0.00480593000000000
-0.00594838000000000
-0.00645839000000000
-0.00680170000000000
-0.00584668000000000
-0.00424510000000000
-0.000621178000000000
0.00301239000000000
0.00584412000000000
0.00923309000000000
0.0111135000000000
0.0116382000000000
0.0119628000000000
0.0102602000000000
0.00577733000000000
-0.00189130000000000
-0.0101442000000000
-0.0114897000000000
-0.00744357000000000
-0.00354926000000000
0.000717776000000000
0.000463415000000000
-0.00380585000000000
-0.00728160000000000
-0.00922238000000000
-0.00871545000000000
-0.00758994000000000
-0.00582476000000000
-0.00383859000000000
-0.00394145000000000
-0.00538776000000000
-0.00552151000000000
-0.00546369000000000
-0.00434110000000000
-0.00291080000000000
0.00276423000000000
0.0106974000000000
0.0180908000000000
0.0265973000000000
0.0286102000000000
0.0268255000000000
0.0265727000000000
0.0256883000000000
0.0213359000000000
0.0166081000000000
0.00832647000000000
-0.00150344000000000
-0.0108815000000000
-0.0171142000000000
-0.0196754000000000
-0.0205219000000000
-0.0205859000000000
-0.0201763000000000
-0.0217444000000000
-0.0212796000000000
-0.0224734000000000
-0.0233942000000000
-0.0215542000000000
-0.0166817000000000
-0.00307942000000000
0.0158546000000000
0.0265608000000000
0.0268925000000000
0.0220197000000000
0.0169201000000000
0.0105803000000000
0.00601064000000000
-0.00191954000000000
-0.00831570000000000
-0.0124268000000000
-0.0126365000000000
-0.0107923000000000
-0.00861842000000000
-0.00389044000000000
0.00109896000000000
0.00136364000000000
0.00430403000000000
0.0110263000000000
0.0157282000000000
0.0188038000000000
0.0201240000000000
0.0164857000000000
0.00815583000000000
0.00214131000000000
-0.00346831000000000
-0.00982009000000000
-0.0125183000000000
-0.0137921000000000
-0.0107343000000000
-0.00667011000000000
-0.00153168000000000
0.00428764000000000
0.00719787000000000
0.00918221000000000
0.0101764000000000
0.00627159000000000
0.00100782000000000
-0.00367917000000000
-0.00669985000000000
-0.00828983000000000
-0.00827403000000000
-0.00949401000000000
-0.0132582000000000
-0.0143038000000000
-0.0134363000000000
-0.0117629000000000
-0.00860455000000000
-0.00984973000000000
-0.00925839000000000
-0.00697654000000000
-0.000512967000000000
0.00795452000000000
0.0171930000000000
0.0225465000000000
0.0238510000000000
0.0217308000000000
0.0171113000000000
0.0140350000000000
0.0114107000000000
0.00828460000000000
0.00535411000000000
0.000334548000000000
-0.00712337000000000
-0.0119159000000000
-0.0123343000000000
-0.0118996000000000
-0.00324288000000000
-0.00154643000000000
-0.00333720000000000
-0.00252604000000000
-0.00231096000000000
-0.00228892000000000
-0.00263190000000000
-0.00380326000000000
-0.00563497000000000
-0.00768322000000000
-0.0110529000000000
-0.00814112000000000
-0.00238704000000000
-0.00622751000000000
-0.0119013000000000
-0.0167955000000000
-0.0208803000000000
-0.0191852000000000
-0.0155284000000000
-0.0108796000000000
-0.00547121000000000
-0.00161418000000000
0.000793716000000000
0.00147756000000000
0.00142943000000000
0.00149138000000000
0.00262471000000000
0.00498982000000000
0.00885260000000000
0.0140938000000000
0.0220250000000000
0.0291016000000000
0.0321022000000000
0.0326522000000000
0.0299323000000000
0.0229816000000000
0.0126950000000000
0.00586367000000000
-0.00127149000000000
-0.00890805000000000
-0.0135272000000000
-0.0164782000000000
-0.0197304000000000
-0.0195885000000000
-0.0190916000000000
-0.0164541000000000
-0.0155017000000000
-0.0189081000000000
-0.0237816000000000
-0.0240053000000000
-0.0176876000000000
-0.0137587000000000
-0.00411658000000000
0.00423278000000000
0.00593089000000000
0.00779366000000000
0.00461180000000000
-0.000563381000000000
-0.00629314000000000
-0.0148064000000000
-0.0196677000000000
-0.0194279000000000
-0.0152974000000000
-0.00888371000000000
-0.00284966000000000
0.000796712000000000
-0.00188149000000000
-0.00923774000000000
-0.0171806000000000
-0.0235052000000000
-0.0256163000000000
-0.0267754000000000
-0.0231205000000000
-0.0194921000000000
-0.0166536000000000
-0.0106583000000000
0.000639255000000000
0.0185316000000000
0.0374792000000000
0.0638113000000000
0.0882429000000000
0.0921523000000000
0.0939303000000000
0.0960508000000000
0.0961246000000000
0.0966404000000000
0.0981114000000000
0.0993520000000000
0.103542000000000
0.105404000000000
0.105910000000000
0.105402000000000
0.101568000000000
0.0956148000000000
0.0825463000000000
0.0329956000000000
-0.00646341000000000
-0.0121448000000000
-0.0163685000000000
-0.0139864000000000
-0.00738675000000000
0.0206828000000000
0.0970255000000000
0.145500000000000
0.141282000000000
0.139331000000000
0.136876000000000
0.126794000000000
0.102050000000000
0.0504122000000000
0.000375247000000000
-0.0480325000000000
-0.0822937000000000
-0.0925695000000000
-0.101012000000000
-0.112729000000000
-0.131711000000000
-0.167310000000000
-0.205254000000000
-0.218655000000000
-0.214197000000000
-0.214217000000000
-0.211160000000000
-0.203417000000000
-0.193232000000000
-0.172726000000000
-0.110555000000000
0.00907092000000000
0.133727000000000
0.185758000000000
0.222741000000000
0.258455000000000
0.218103000000000
0.109104000000000
0.0149233000000000
-0.0719807000000000
-0.135523000000000
-0.154264000000000
-0.157493000000000
-0.149642000000000
-0.133535000000000
-0.130103000000000
-0.126543000000000
-0.103335000000000
-0.0138868000000000
0.0787505000000000
0.143463000000000
0.174745000000000
0.153357000000000
0.104769000000000
0.0102117000000000
-0.0992928000000000
-0.200511000000000
-0.216364000000000
-0.179239000000000
-0.201299000000000
-0.222695000000000
-0.201291000000000
-0.185035000000000
-0.186532000000000
-0.196914000000000
-0.212761000000000
-0.220939000000000
-0.221731000000000
-0.215413000000000
-0.203791000000000
-0.180843000000000
-0.113513000000000
-0.0476803000000000
0.0137246000000000
0.0753660000000000
0.137786000000000
0.161890000000000
0.155659000000000
0.152744000000000
0.139467000000000
0.117317000000000
0.0941370000000000
0.0806676000000000
0.0781596000000000
0.0809923000000000
0.0938487000000000
0.112780000000000
0.130339000000000
0.143455000000000
0.154531000000000
0.158507000000000
0.156535000000000
0.151732000000000
0.144508000000000
0.135594000000000
0.125990000000000
0.120319000000000
0.0984583000000000
0.0436695000000000
-0.0108395000000000
-0.0673023000000000
-0.0771386000000000
-0.0522774000000000
-0.0481095000000000
-0.0490880000000000
-0.0333730000000000
-0.0119164000000000
0.0139653000000000
0.0594800000000000
0.0804467000000000
0.0480577000000000
0.00130240000000000
-0.0392197000000000
-0.0788186000000000
-0.105884000000000
-0.115800000000000
-0.120458000000000
-0.122861000000000
-0.121428000000000
-0.118028000000000
-0.112243000000000
-0.101804000000000
-0.0781513000000000
-0.0589545000000000
-0.0435370000000000
-0.0276993000000000
-0.0172806000000000
-0.0114986000000000
-0.00724699000000000
-0.00134689000000000
0.00624673000000000
0.0184085000000000
0.0351905000000000
0.0656476000000000
0.101576000000000
0.130896000000000
0.150098000000000
0.165151000000000
0.180542000000000
0.189712000000000
0.194375000000000
0.194282000000000
0.191130000000000
0.183620000000000
0.172762000000000
0.160829000000000
0.136873000000000
0.0849684000000000
0.0342904000000000
0.0165625000000000
0.00553931000000000
-0.0360935000000000
-0.0638073000000000
-0.104387000000000
-0.171929000000000
-0.212095000000000
-0.212058000000000
-0.203810000000000
-0.196020000000000
-0.160841000000000
-0.0935202000000000
-0.0319897000000000
0.0221815000000000
0.0805587000000000
0.119120000000000
0.138384000000000
0.152477000000000
0.155651000000000
0.168829000000000
0.214928000000000
0.229304000000000
0.207042000000000
0.172993000000000
0.133479000000000
0.111589000000000
0.112719000000000
0.114160000000000
0.102824000000000
0.0907550000000000
0.0853907000000000
0.0770022000000000
0.0701768000000000
0.0676618000000000
0.0650519000000000
0.0634464000000000
0.0633056000000000
0.0636319000000000
0.0633508000000000
0.0632335000000000
0.0601187000000000
0.0584293000000000
0.0297566000000000
-0.0218193000000000
-0.0374657000000000
-0.0370045000000000
-0.0555977000000000
-0.0775574000000000
-0.0890587000000000
-0.110841000000000
-0.137573000000000
-0.150955000000000
-0.161757000000000
-0.142650000000000
-0.139202000000000
-0.160910000000000
-0.174883000000000
-0.196148000000000
-0.221984000000000
-0.239527000000000
-0.240875000000000
-0.234518000000000
-0.228496000000000
-0.217482000000000
-0.197159000000000
-0.160651000000000
-0.131861000000000
-0.116077000000000
-0.107901000000000
-0.108816000000000
-0.110142000000000
-0.107044000000000
-0.0955643000000000
-0.0899166000000000
-0.0840328000000000
-0.0756649000000000
-0.0659871000000000
-0.0564408000000000
-0.0484507000000000
-0.0358494000000000
-0.0217778000000000
-0.00967865000000000
0.00258781000000000
0.0169351000000000
0.0401094000000000
0.0717129000000000
0.0925975000000000
0.0971740000000000
0.0954374000000000
0.0901064000000000
0.0919375000000000
0.104468000000000
0.114406000000000
0.119888000000000
0.123538000000000
0.125770000000000
0.130629000000000
0.137181000000000
0.149914000000000
0.162497000000000
0.169289000000000
0.172909000000000
0.174541000000000
0.172261000000000
0.167685000000000
0.160937000000000
0.151463000000000
0.138998000000000
0.107397000000000
0.0536196000000000
0.00814529000000000
-0.0402595000000000
-0.0668103000000000
-0.0520617000000000
-0.0501448000000000
-0.0634360000000000
-0.0634442000000000
-0.0532560000000000
-0.0393097000000000
-0.0258431000000000
-0.00152357000000000
0.0118199000000000
0.0108450000000000
0.00387337000000000
-0.0125298000000000
-0.0385606000000000
-0.0533632000000000
-0.0567070000000000
-0.0605093000000000
-0.0737561000000000
-0.0821377000000000
-0.0986914000000000
-0.113535000000000
-0.111347000000000
-0.0999531000000000
-0.0798041000000000
-0.0614209000000000
-0.0213001000000000
0.0307727000000000
0.0473384000000000
0.0522090000000000
0.0535563000000000
0.0468684000000000
0.0216915000000000
0.000398277000000000
-0.0276031000000000
-0.0619633000000000
-0.0787598000000000
-0.0895468000000000
-0.108868000000000
-0.117377000000000
-0.113747000000000
-0.102064000000000
-0.100810000000000
-0.105391000000000
-0.102150000000000
-0.0694499000000000
-0.0338907000000000
-0.0237223000000000
-0.0185113000000000
-0.00897651000000000
-0.00740891000000000
-0.0106232000000000
-0.0229269000000000
-0.0360046000000000
-0.0769372000000000
-0.101062000000000
-0.106776000000000
-0.119066000000000
-0.123586000000000
-0.121970000000000
-0.117108000000000
-0.112945000000000
-0.0971647000000000
-0.0803911000000000
-0.0646564000000000
-0.0550551000000000
-0.0250481000000000
0.00173539000000000
0.0204991000000000
0.0452054000000000
0.0765376000000000
0.107605000000000
0.140256000000000
0.173802000000000
0.222554000000000
0.273788000000000
0.323881000000000
0.349430000000000
0.342859000000000
0.352257000000000
0.349672000000000
0.335966000000000
0.339164000000000
0.319763000000000
0.276643000000000
0.235892000000000
0.209955000000000
0.167105000000000
0.115850000000000
0.0895493000000000
0.0745090000000000
0.0219314000000000
0.000306410000000000
-0.00256711000000000
-0.0101304000000000
-0.00546660000000000
0.00117627000000000
0.00767028000000000
0.00853878000000000
0.00690997000000000
-0.00163385000000000
-0.0147238000000000
-0.0473412000000000
-0.0864616000000000
-0.129473000000000
-0.175730000000000
-0.196960000000000
-0.215469000000000
-0.250061000000000
-0.261711000000000
-0.251267000000000
-0.240747000000000
-0.231538000000000
-0.223384000000000
-0.217667000000000
-0.212366000000000
-0.211767000000000
-0.213479000000000
-0.214935000000000
-0.212381000000000
-0.207730000000000
-0.196456000000000
-0.184287000000000
-0.171834000000000
-0.160574000000000
-0.128086000000000
-0.0634398000000000
-0.0228031000000000
-0.00470983000000000
0.0171559000000000
0.0371167000000000
0.0542148000000000
0.0738838000000000
0.100839000000000
0.125481000000000
0.140866000000000
0.145693000000000
0.143382000000000
0.141426000000000
0.105264000000000
0.0415044000000000
-0.000478657000000000
0.00625916000000000
0.0146641000000000
0.0462062000000000
0.105586000000000
0.126034000000000
0.128204000000000
0.135450000000000
0.145365000000000
0.143839000000000
0.140003000000000
0.135944000000000
0.130960000000000
0.120581000000000
0.114079000000000
0.113669000000000
0.120765000000000
0.128481000000000
0.139542000000000
0.143972000000000
0.140881000000000
0.136343000000000
0.101289000000000
0.0431001000000000
-0.00564978000000000
-0.0563788000000000
-0.105608000000000
-0.148301000000000
-0.162771000000000
-0.180040000000000
-0.189744000000000
-0.207981000000000
-0.222191000000000
-0.233243000000000
-0.231121000000000
-0.221031000000000
-0.132480000000000
0.00158263000000000
0.122901000000000
0.141626000000000
0.127782000000000
0.141592000000000
0.145886000000000
0.144304000000000
0.145556000000000
0.146175000000000
0.141787000000000
0.132368000000000
0.125670000000000
0.0889568000000000
0.0659174000000000
0.0611665000000000
0.0506622000000000
0.0397382000000000
0.0101353000000000
-0.0176786000000000
-0.0213788000000000
-0.0197170000000000
-0.0148791000000000
-0.00614847000000000
0.00500655000000000
0.00929113000000000
0.00754752000000000
0.00144357000000000
-0.0102489000000000
-0.0268058000000000
-0.0461154000000000
-0.0654428000000000
-0.0835244000000000
-0.100654000000000
-0.108051000000000
-0.123230000000000
-0.147140000000000
-0.147839000000000
-0.143274000000000
-0.142174000000000
-0.138062000000000
-0.137037000000000
-0.135255000000000
-0.132643000000000
-0.128234000000000
-0.131432000000000
-0.136158000000000
-0.144351000000000
-0.141896000000000
-0.144107000000000
-0.143033000000000
-0.137662000000000
-0.127817000000000
-0.122360000000000
-0.0946360000000000
-0.0585514000000000
0.0604960000000000
0.137352000000000
0.161928000000000
0.204476000000000
0.263082000000000
0.320527000000000
0.337312000000000
0.339325000000000
0.379666000000000
0.410890000000000
0.415783000000000
0.409091000000000
0.359355000000000
0.291918000000000
0.281604000000000
0.279020000000000
0.259773000000000
0.248439000000000
0.236598000000000
0.226231000000000
0.214842000000000
0.218266000000000
0.196089000000000
0.151405000000000
0.108312000000000
0.0787306000000000
0.0490604000000000
0.00798073000000000
-0.0342099000000000
-0.0653976000000000
-0.0879962000000000
-0.110460000000000
-0.134554000000000
-0.146950000000000
-0.174757000000000
-0.208440000000000
-0.219371000000000
-0.218027000000000
-0.216724000000000
-0.207995000000000
-0.196454000000000
-0.188183000000000
-0.184371000000000
-0.179505000000000
-0.177053000000000
-0.176321000000000
-0.178032000000000
-0.178588000000000
-0.179460000000000
-0.179100000000000
-0.181820000000000
-0.184064000000000
-0.188596000000000
-0.196794000000000
-0.221894000000000
-0.250456000000000
-0.273974000000000
-0.283704000000000
-0.285147000000000
-0.288965000000000
-0.292060000000000
-0.289733000000000
-0.283103000000000
-0.278431000000000
-0.275233000000000
-0.273724000000000
-0.274403000000000
-0.278874000000000
-0.280505000000000
-0.272587000000000
-0.264234000000000
-0.254209000000000
-0.236207000000000
-0.208139000000000
-0.182871000000000
-0.158756000000000
-0.139956000000000
-0.124332000000000
-0.108342000000000
-0.0898591000000000
-0.0680506000000000
-0.0502825000000000
-0.0311200000000000
-0.0118956000000000
0.00283639000000000
0.0129657000000000
0.0178570000000000
0.0281055000000000
0.0431041000000000
0.0573433000000000
0.0715708000000000
0.0903310000000000
0.100982000000000
0.112248000000000
0.126306000000000
0.139903000000000
0.151244000000000
0.159683000000000
0.165681000000000
0.170718000000000
0.174929000000000
0.177971000000000
0.178098000000000
0.173742000000000
0.166353000000000
0.157281000000000
0.143727000000000
0.132263000000000
0.122662000000000
0.116241000000000
0.109988000000000
0.110558000000000
0.114739000000000
0.123533000000000
0.133612000000000
0.146340000000000
0.158649000000000
0.171592000000000
0.188495000000000
0.238148000000000
0.253949000000000
0.253769000000000
0.257727000000000
0.257141000000000
0.260278000000000
0.307197000000000
0.358906000000000
0.317641000000000
0.200445000000000
0.168033000000000
0.260774000000000
0.270265000000000
0.200818000000000
0.180978000000000
0.171096000000000
0.160580000000000
0.156516000000000
0.156500000000000
0.156695000000000
0.167407000000000
0.149580000000000
0.121216000000000
0.113843000000000
0.105990000000000
0.0975325000000000
0.0914608000000000
0.0841625000000000
0.0732792000000000
0.0587532000000000
0.0427833000000000
0.0149312000000000
-0.0113340000000000
-0.0350787000000000
-0.0569430000000000
-0.0725515000000000
-0.0849754000000000
-0.111038000000000
-0.137248000000000
-0.170967000000000
-0.204813000000000
-0.219268000000000
-0.226404000000000
-0.231686000000000
-0.236109000000000
-0.239087000000000
-0.241480000000000
-0.238442000000000
-0.234102000000000
-0.232627000000000
-0.228207000000000
-0.221801000000000
-0.216576000000000
-0.211070000000000
-0.205420000000000
-0.196870000000000
-0.189570000000000
-0.178695000000000
-0.163103000000000
-0.149928000000000
-0.132829000000000
-0.114242000000000
-0.0999142000000000
-0.0834240000000000
-0.0668858000000000
-0.0642562000000000
-0.0700631000000000
-0.0715046000000000
-0.0613124000000000
-0.0483857000000000
-0.0380972000000000
-0.0266083000000000
-0.0160652000000000
-0.00448591000000000
0.0145850000000000
0.0302825000000000
0.0449358000000000
0.0602619000000000
0.0736425000000000
0.0861990000000000
0.0979596000000000
0.111557000000000
0.133513000000000
0.145349000000000
0.143977000000000
0.146386000000000
0.152350000000000
0.205277000000000
0.207734000000000
0.190084000000000
0.209774000000000
0.204220000000000
0.186044000000000
0.182262000000000
0.184845000000000
0.176474000000000
0.165460000000000
0.149559000000000
0.129034000000000
0.0998167000000000
0.0762827000000000
0.0610873000000000
0.0504136000000000
0.0415588000000000
0.0339601000000000
0.0242681000000000
0.0102669000000000
-0.00947542000000000
-0.0440077000000000
-0.0857330000000000
-0.100630000000000
-0.119804000000000
-0.131046000000000
-0.131135000000000
-0.128240000000000
-0.124996000000000
-0.119413000000000
-0.114150000000000
-0.106813000000000
-0.100474000000000
-0.0976070000000000
-0.0957914000000000
-0.0945576000000000
-0.0943372000000000
-0.0955134000000000
-0.0942753000000000
-0.0945782000000000
-0.0935509000000000
-0.0902752000000000
-0.0883368000000000
-0.0885536000000000
-0.0909135000000000
-0.0832285000000000
-0.0702766000000000
-0.0468488000000000
-0.0290692000000000
-0.0201826000000000
0.00464424000000000
0.0334581000000000
0.0474648000000000
0.0627459000000000
0.0833361000000000
0.101988000000000
0.117616000000000
0.137245000000000
0.160188000000000
0.202424000000000
0.229099000000000
0.235082000000000
0.238505000000000
0.234640000000000
0.223161000000000
0.194042000000000
0.120290000000000
0.0862945000000000
0.0449623000000000
-0.00655734000000000
-0.0192999000000000
-0.0119032000000000
-0.00450277000000000
-0.00899397000000000
-0.0284275000000000
-0.0385113000000000
-0.0435962000000000
-0.0507504000000000
-0.0545188000000000
-0.0561905000000000
-0.0577278000000000
-0.0648495000000000
-0.0758116000000000
-0.0947262000000000
-0.113642000000000
-0.130476000000000
-0.137452000000000
-0.135197000000000
-0.130205000000000
-0.123634000000000
-0.115255000000000
-0.107214000000000
-0.0978630000000000
-0.0869990000000000
-0.0744690000000000
-0.0661918000000000
-0.0626143000000000
-0.0598165000000000
-0.0562960000000000
-0.0516612000000000
-0.0441602000000000
-0.0330472000000000
-0.0199696000000000
-0.00101029000000000
0.0297270000000000
0.0465878000000000
0.0502336000000000
0.0527895000000000
0.0559849000000000
0.0555975000000000
0.0578749000000000
0.0597808000000000
0.0607371000000000
0.0613757000000000
0.0617756000000000
0.0574093000000000
0.0534506000000000
0.0492915000000000
0.0468430000000000
0.0474074000000000
0.0507393000000000
0.0569016000000000
0.0665233000000000
0.0769204000000000
0.0843106000000000
0.0884146000000000
0.0898982000000000
0.0855228000000000
0.0779868000000000
0.0719757000000000
0.0636519000000000
0.0577045000000000
0.0561885000000000
0.0554254000000000
0.0565683000000000
0.0595716000000000
0.0613379000000000
0.0577993000000000
0.0513711000000000
0.0374897000000000
0.0124272000000000
-0.0227748000000000
-0.0446810000000000
-0.0556168000000000
-0.0652738000000000
-0.0732147000000000
-0.0781305000000000
-0.0855272000000000
-0.0908818000000000
-0.0950026000000000
-0.0989861000000000
-0.0999865000000000
-0.0979977000000000
-0.0960706000000000
-0.0939521000000000
-0.0931812000000000
-0.0921872000000000
-0.0935532000000000
-0.0966067000000000
-0.0985485000000000
-0.0995268000000000
-0.103388000000000
-0.108862000000000
-0.114599000000000
-0.118634000000000
-0.123639000000000
-0.127347000000000
-0.126638000000000
-0.123331000000000
-0.123190000000000
-0.121387000000000
-0.117196000000000
-0.116144000000000
-0.117940000000000
-0.119588000000000
-0.120588000000000
-0.122154000000000
-0.121811000000000
-0.118573000000000
-0.111965000000000
-0.106451000000000
-0.0989023000000000
-0.0862501000000000
-0.0748516000000000
-0.0660305000000000
-0.0557269000000000
-0.0450284000000000
-0.0350980000000000
-0.0259404000000000
-0.0129370000000000
0.00212363000000000
0.0179582000000000
0.0308675000000000
0.0441433000000000
0.0584486000000000
0.0683619000000000
0.0814576000000000
0.0961174000000000
0.107995000000000
0.118063000000000
0.127269000000000
0.134036000000000
0.140232000000000
0.149202000000000
0.162099000000000
0.174968000000000
0.184669000000000
0.189279000000000
0.189003000000000
0.187332000000000
0.183250000000000
0.175838000000000
0.167946000000000
0.160920000000000
0.152706000000000
0.145954000000000
0.139784000000000
0.134742000000000
0.129436000000000
0.122081000000000
0.110471000000000
0.0934655000000000
0.0812454000000000
0.0748067000000000
0.0709319000000000
0.0686760000000000
0.0644500000000000
0.0584632000000000
0.0525250000000000
0.0456381000000000
0.0392761000000000
0.0344043000000000
0.0280851000000000
0.0215189000000000
0.0137681000000000
0.00448380000000000
-0.00578067000000000
-0.0154575000000000
-0.0231624000000000
-0.0321649000000000
-0.0423902000000000
-0.0523775000000000
-0.0598225000000000
-0.0653648000000000
-0.0718183000000000
-0.0766221000000000
-0.0793389000000000
-0.0820401000000000
-0.0857723000000000
-0.0867218000000000
-0.0871300000000000
-0.0884794000000000
-0.0905529000000000
-0.0928662000000000
-0.0981423000000000
-0.102353000000000
-0.107423000000000
-0.112607000000000
-0.117441000000000
-0.118322000000000
-0.117197000000000
-0.119658000000000
-0.117522000000000
-0.114256000000000
-0.111094000000000
-0.106384000000000
-0.0975162000000000
-0.0833952000000000
-0.0490647000000000
-0.0322242000000000
-0.0270775000000000
-0.0193419000000000
-0.0170198000000000
-0.0133334000000000
-0.0111280000000000
-0.00774035000000000
-0.00202285000000000
0.00429010000000000
0.0135281000000000
0.0234568000000000
0.0335135000000000
0.0443502000000000
0.0547381000000000
0.0633815000000000
0.0675456000000000
0.0687335000000000
0.0702073000000000
0.0682814000000000
0.0622165000000000
0.0592453000000000
0.0520871000000000
0.0428071000000000
0.0342119000000000
0.0268957000000000
0.0226500000000000
0.0198128000000000
0.0205478000000000
0.0223076000000000
0.0216160000000000
0.0209368000000000
0.0177869000000000
0.0140313000000000
0.0130213000000000
0.0112663000000000
0.0104841000000000
0.0103635000000000
0.00996532000000000
0.0100579000000000
0.0123841000000000
0.0179492000000000
0.0234063000000000
0.0275919000000000
0.0321229000000000
0.0353629000000000
0.0363524000000000
0.0387569000000000
0.0417082000000000
0.0454227000000000
0.0489007000000000
0.0505579000000000
0.0512018000000000
0.0534164000000000
0.0545938000000000
0.0555792000000000
0.0575984000000000
0.0578816000000000
0.0586308000000000
0.0583752000000000
0.0565503000000000
0.0547186000000000
0.0518323000000000
0.0439784000000000
0.0361130000000000
0.0272618000000000
0.0169940000000000
0.00601056000000000
-0.00268393000000000
-0.00934242000000000
-0.0135617000000000
-0.0146155000000000
-0.0150417000000000
-0.0175329000000000
-0.0192700000000000
-0.0201711000000000
-0.0228676000000000
-0.0274200000000000
-0.0338253000000000
-0.0385767000000000
-0.0429827000000000
-0.0473332000000000
-0.0496320000000000
-0.0492052000000000
-0.0480876000000000
-0.0464816000000000
-0.0429633000000000
-0.0398892000000000
-0.0368574000000000
-0.0360286000000000
-0.0351710000000000
-0.0368951000000000
-0.0399600000000000
-0.0433327000000000
-0.0481079000000000
-0.0539542000000000
-0.0575839000000000
-0.0643795000000000
-0.0701586000000000
-0.0769780000000000
-0.0824906000000000
-0.0873262000000000
-0.0943503000000000
-0.0975207000000000
-0.0998293000000000
-0.100825000000000
-0.0982802000000000
-0.0941444000000000
-0.0872715000000000
-0.0773575000000000
-0.0647731000000000
-0.0504716000000000
-0.0377867000000000
-0.0297311000000000
-0.0243160000000000
-0.0194969000000000
-0.0146330000000000
-0.0111691000000000
-0.00839996000000000
-0.00673904000000000
-0.00648564000000000
-0.00514321000000000
-0.00228372000000000
-0.000421203000000000
-0.000308120000000000
0.00164906000000000
0.00324831000000000
0.00484010000000000
0.00510930000000000
0.00540025000000000
0.00744706000000000
0.00994352000000000
0.0100586000000000
0.0100520000000000
0.0102608000000000
0.0101041000000000
0.00713935000000000
0.00486410000000000
0.00270699000000000
0.00264609000000000
0.00323574000000000
0.00339501000000000
0.00652388000000000
0.0107979000000000
0.0145673000000000
0.0207083000000000
0.0263539000000000
0.0265544000000000
0.0260869000000000
0.0241776000000000
0.0201334000000000
0.0161019000000000
0.0149314000000000
0.0145178000000000
0.0126330000000000
0.0136753000000000
0.0150044000000000
0.0148647000000000
0.0166787000000000
0.0200802000000000
0.0228312000000000
0.0224539000000000
0.0254059000000000
0.0285221000000000
0.0301232000000000
0.0330942000000000
0.0387614000000000
0.0453665000000000
0.0518844000000000
0.0599390000000000
0.0651562000000000
0.0677800000000000
0.0713899000000000
0.0710643000000000
0.0686042000000000
0.0654107000000000
0.0604410000000000
0.0551785000000000
0.0496088000000000
0.0436071000000000
0.0390266000000000
0.0378290000000000
0.0393012000000000
0.0407177000000000
0.0441753000000000
0.0495657000000000
0.0537197000000000
0.0571110000000000
0.0604402000000000
0.0638141000000000
0.0654194000000000
0.0641012000000000
0.0597092000000000
0.0528957000000000
0.0427337000000000
0.0315597000000000
0.0172318000000000
0.00106749000000000
-0.0126809000000000
-0.0262069000000000
-0.0410101000000000
-0.0539855000000000
-0.0604806000000000
-0.0666520000000000
-0.0716305000000000
-0.0736887000000000
-0.0741973000000000
-0.0722262000000000
-0.0687619000000000
-0.0634699000000000
-0.0533673000000000
-0.0389059000000000
-0.0258115000000000
-0.0156018000000000
-0.00754126000000000
-0.00234442000000000
-0.000487441000000000
-0.000285053000000000
-0.000245576000000000
-0.000347385000000000
-0.00250378000000000
-0.00450640000000000
-0.00434533000000000
-0.00413989000000000
-0.00286204000000000
-0.00199096000000000
-0.00202820000000000
-0.00349423000000000
-0.00620419000000000
-0.00861428000000000
-0.0135470000000000
-0.0158489000000000
-0.0156362000000000
-0.0150472000000000
-0.0140965000000000
-0.00963930000000000
-0.00567990000000000
0.000926300000000000
0.00778190000000000
0.0137716000000000
0.0181205000000000
0.0231628000000000
0.0269997000000000
0.0296180000000000
0.0294926000000000
0.0265554000000000
0.0208810000000000
0.0169171000000000
0.0123453000000000
0.00714524000000000
0.00422848000000000
0.00171175000000000
0.000428808000000000
0.00192759000000000
0.00326612000000000
0.00695255000000000
0.0121223000000000
0.0164697000000000
0.0208897000000000
0.0234394000000000
0.0247374000000000
0.0235335000000000
0.0202978000000000
0.0171024000000000
0.0125622000000000
0.00501852000000000
-0.000822222000000000
-0.00648160000000000
-0.0140349000000000
-0.0198771000000000
-0.0225457000000000
-0.0245267000000000
-0.0276533000000000
-0.0319049000000000
-0.0361465000000000
-0.0386816000000000
-0.0434253000000000
-0.0513685000000000
-0.0577397000000000
-0.0621050000000000
-0.0655796000000000
-0.0668635000000000
-0.0645614000000000
-0.0613227000000000
-0.0574274000000000
-0.0492998000000000
-0.0416652000000000
-0.0333874000000000
-0.0236907000000000
-0.0169834000000000
-0.00640733000000000
0.000753975000000000
0.00555246000000000
0.00965739000000000
0.00994368000000000
0.0100031000000000
0.00957937000000000
0.00673454000000000
0.00244217000000000
0.000477590000000000
0.00170651000000000
0.00446830000000000
0.00967755000000000
0.0151430000000000
0.0185836000000000
0.0238776000000000
0.0271411000000000
0.0312925000000000
0.0326606000000000
0.0357410000000000
0.0402240000000000
0.0451634000000000
0.0489023000000000
0.0498439000000000
0.0479535000000000
0.0445430000000000
0.0386012000000000
0.0333564000000000
0.0291972000000000
0.0243677000000000
0.0208695000000000
0.0199194000000000
0.0194553000000000
0.0185404000000000
0.0179481000000000
0.0143516000000000
0.00972255000000000
0.00278861000000000
-0.00521450000000000
-0.0110660000000000
-0.0173252000000000
-0.0229468000000000
-0.0275715000000000
-0.0302116000000000
-0.0296613000000000
-0.0288485000000000
-0.0297808000000000
-0.0276036000000000
-0.0246945000000000
-0.0223538000000000
-0.0191900000000000
-0.0172315000000000
-0.0143032000000000
-0.0110839000000000
-0.00579319000000000
-0.00159241000000000
0.00329039000000000
0.00801089000000000
0.0118821000000000
0.0157860000000000
0.0166992000000000
0.0174124000000000
0.0197310000000000
0.0243486000000000
0.0284898000000000
0.0298217000000000
0.0309491000000000
0.0309382000000000
0.0276220000000000
0.0268365000000000
0.0243607000000000
0.0215829000000000
0.0198636000000000
0.0180668000000000
0.0160075000000000
0.0147836000000000
0.0134360000000000
0.0100692000000000
0.00707782000000000
0.00470298000000000
0.00140719000000000
-0.00218529000000000
-0.00458339000000000
-0.00721507000000000
-0.00970967000000000
-0.0133543000000000
-0.0186018000000000
-0.0245518000000000
-0.0311602000000000
-0.0392590000000000
-0.0446060000000000
-0.0478411000000000
-0.0498213000000000
-0.0477753000000000
-0.0427774000000000
-0.0378997000000000
-0.0308712000000000
-0.0225758000000000
-0.0142648000000000
-0.00527244000000000
0.00105228000000000
0.00741588000000000
0.0111000000000000
0.0164250000000000
0.0220149000000000
0.0261799000000000
0.0305077000000000
0.0348434000000000
0.0371503000000000
0.0369495000000000
0.0378909000000000
0.0392238000000000
0.0380253000000000
0.0380501000000000
0.0367200000000000
0.0346073000000000
0.0333059000000000
0.0307317000000000
0.0297164000000000
0.0289026000000000
0.0294800000000000
0.0296320000000000
0.0301084000000000
0.0293319000000000
0.0281480000000000
0.0272860000000000
0.0265553000000000
0.0244025000000000
0.0205797000000000
0.0181946000000000
0.0165365000000000
0.0108366000000000
0.00374817000000000
-0.00291416000000000
-0.0104462000000000
-0.0202893000000000
-0.0270872000000000
-0.0314270000000000
-0.0381714000000000
-0.0416892000000000
-0.0446082000000000
-0.0455349000000000
-0.0444009000000000
-0.0435418000000000
-0.0412480000000000
-0.0362577000000000
-0.0331071000000000
-0.0284914000000000
-0.0247018000000000
-0.0217123000000000
-0.0196695000000000
-0.0206922000000000
-0.0242393000000000
-0.0275667000000000
-0.0327176000000000
-0.0395870000000000
-0.0460642000000000
-0.0498037000000000
-0.0531236000000000
-0.0526712000000000
-0.0511409000000000
-0.0500176000000000
-0.0486015000000000
-0.0440466000000000
-0.0390378000000000
-0.0344213000000000
-0.0296572000000000
-0.0236279000000000
-0.0179544000000000
-0.0165044000000000
-0.0162076000000000
-0.0153100000000000
-0.0146520000000000
-0.0141962000000000
-0.0132126000000000
-0.00934432000000000
-0.00446918000000000
0.00176277000000000
0.00718003000000000
0.0118305000000000
0.0170486000000000
0.0207285000000000
0.0208621000000000
0.0201998000000000
0.0188074000000000
0.0140498000000000
0.00891627000000000
0.00417608000000000
0.00289154000000000
0.000344658000000000
-0.000614190000000000
0.00117026000000000
0.00467851000000000
0.00829099000000000
0.0118901000000000
0.0141961000000000
0.0163313000000000
0.0168692000000000
0.0164844000000000
0.0154849000000000
0.0136797000000000
0.0134272000000000
0.0131397000000000
0.0114093000000000
0.00997829000000000
0.00850190000000000
0.00812679000000000
0.00547276000000000
0.000279766000000000
-0.000939619000000000
-0.00203480000000000
-0.00124825000000000
0.00125147000000000
0.00530794000000000
0.0104236000000000
0.0140894000000000
0.0150338000000000
0.0160196000000000
0.0159412000000000
0.0154969000000000
0.0152157000000000
0.0148601000000000
0.0145863000000000
0.0142541000000000
0.0139582000000000
0.0135556000000000
0.0130788000000000
0.0141861000000000
0.0168312000000000
0.0165041000000000
0.0172962000000000
0.0193098000000000
0.0201962000000000
0.0225113000000000
0.0235738000000000
0.0226180000000000
0.0209306000000000
0.0186913000000000
0.0150951000000000
0.0100242000000000
0.00553339000000000
0.00287816000000000
-0.00100379000000000
-0.00290954000000000
-0.00400781000000000
-0.00375738000000000
-0.000962144000000000
4.16928000000000e-05
0.00123939000000000
0.00175926000000000
0.00180277000000000
-0.000265893000000000
-0.00283982000000000
-0.00258475000000000
-0.00214504000000000
-0.000137233000000000
0.00534709000000000
0.0115264000000000
0.0172094000000000
0.0228034000000000
0.0267238000000000
0.0292590000000000
0.0316807000000000
0.0323168000000000
0.0323812000000000
0.0315112000000000
0.0285292000000000
0.0245647000000000
0.0191461000000000
0.0135200000000000
0.00667837000000000
-0.00118364000000000
-0.00693867000000000
-0.0116262000000000
-0.0166638000000000
-0.0225341000000000
-0.0296178000000000
-0.0348787000000000
-0.0383143000000000
-0.0412106000000000
-0.0432215000000000
-0.0436369000000000
-0.0421860000000000
-0.0399866000000000
-0.0368544000000000
-0.0301634000000000
-0.0230908000000000
-0.0178208000000000
-0.0125477000000000
-0.00569864000000000
-0.00149026000000000
0.00155215000000000
0.00162038000000000
0.00292675000000000
0.00420328000000000
0.00555052000000000
0.00574532000000000
0.00607471000000000
0.00740352000000000
0.00724488000000000
0.00686895000000000
0.00682255000000000
0.00642230000000000
0.00631955000000000
0.00603193000000000
0.00727539000000000
0.00845041000000000
0.0109298000000000
0.0120156000000000
0.0144347000000000
0.0193617000000000
0.0236683000000000
0.0280080000000000
0.0335744000000000
0.0379765000000000
0.0425447000000000
0.0478120000000000
0.0512885000000000
0.0547829000000000
0.0578315000000000
0.0587492000000000
0.0596239000000000
0.0570834000000000
0.0512853000000000
0.0453195000000000
0.0353221000000000
0.0259654000000000
0.0186395000000000
0.0128555000000000
0.00693685000000000
0.00131710000000000
-0.00354041000000000
-0.00727694000000000
-0.0114714000000000
-0.0141566000000000
-0.0181898000000000
-0.0232102000000000
-0.0281096000000000
-0.0316750000000000
-0.0349806000000000
-0.0380949000000000
-0.0410616000000000
-0.0424082000000000
-0.0443236000000000
-0.0451807000000000
-0.0452061000000000
-0.0443103000000000
-0.0417166000000000
-0.0404176000000000
-0.0398060000000000
-0.0388493000000000
-0.0391783000000000
-0.0396073000000000
-0.0406310000000000
-0.0439973000000000
-0.0464577000000000
-0.0500456000000000
-0.0538885000000000
-0.0558198000000000
-0.0555200000000000
-0.0568938000000000
-0.0531891000000000
-0.0463943000000000
-0.0378263000000000
-0.0254622000000000
-0.0147972000000000
-0.00660939000000000
-0.000350317000000000
0.00258427000000000
0.00365265000000000
0.00213898000000000
-0.000764980000000000
-0.00414767000000000
-0.00447797000000000
-0.00594714000000000
-0.00853584000000000
-0.00497390000000000
-0.00295653000000000
-0.000685126000000000
0.00261791000000000
0.00497919000000000
0.00980565000000000
0.0130648000000000
0.0150703000000000
0.0165443000000000
0.0181002000000000
0.0202836000000000
0.0197748000000000
0.0194195000000000
0.0206222000000000
0.0205741000000000
0.0196714000000000
0.0193906000000000
0.0174529000000000
0.0160823000000000
0.0158824000000000
0.0154250000000000
0.0148571000000000
0.0144850000000000
0.0138523000000000
0.0119272000000000
0.0104159000000000
0.00899692000000000
0.00841140000000000
0.00686235000000000
0.00431990000000000
0.00705955000000000
0.00784798000000000
0.00787833000000000
0.0101417000000000
0.0108439000000000
0.0109416000000000
0.0126469000000000
0.0102844000000000
0.00697082000000000
0.00476786000000000
0.00298230000000000
0.000659161000000000
-0.00121485000000000
-0.00398603000000000
-0.00560890000000000
-0.00764459000000000
-0.00857285000000000
-0.00802824000000000
-0.00822155000000000
-0.00796196000000000
-0.0103313000000000
-0.0122706000000000
-0.0122862000000000
-0.0150095000000000
-0.0158478000000000
-0.0148301000000000
-0.0146567000000000
-0.0114346000000000
-0.00966913000000000
-0.0100666000000000
-0.00893144000000000
-0.00601746000000000
-0.00467990000000000
-0.00484098000000000
-0.00257664000000000
-0.000709853000000000
0.00139375000000000
0.00370032000000000
0.00653144000000000
0.00771861000000000
0.00821111000000000
0.0111398000000000
0.0113196000000000
0.00931172000000000
0.00813243000000000
0.00771538000000000
0.00654974000000000
0.00738217000000000
0.00753577000000000
0.00691615000000000
0.00657920000000000
0.00438701000000000
0.00178642000000000
-0.00189414000000000
-0.00449440000000000
-0.00722773000000000
-0.00882952000000000
-0.0111400000000000
-0.0143191000000000
-0.0151331000000000
-0.0172850000000000
-0.0197827000000000
-0.0228369000000000
-0.0242272000000000
-0.0272122000000000
-0.0293867000000000
-0.0294117000000000
-0.0303763000000000
-0.0320402000000000
-0.0311882000000000
-0.0303436000000000
-0.0283078000000000
-0.0279744000000000
-0.0280607000000000
-0.0274393000000000
-0.0289405000000000
-0.0298405000000000
-0.0287515000000000
-0.0306769000000000
-0.0314560000000000
-0.0299018000000000
-0.0291340000000000
-0.0281772000000000
-0.0286481000000000
-0.0301026000000000
-0.0298116000000000
-0.0289421000000000
-0.0297718000000000
-0.0285828000000000
-0.0286930000000000
-0.0259420000000000
-0.0230579000000000
-0.0197604000000000
-0.0155449000000000
-0.0127864000000000
-0.00583856000000000
0.000958506000000000
0.00743712000000000
0.0134753000000000
0.0203242000000000
0.0281331000000000
0.0321279000000000
0.0353922000000000
0.0386779000000000
0.0413719000000000
0.0425701000000000
0.0444199000000000
0.0439471000000000
0.0427978000000000
0.0422247000000000
0.0412966000000000
0.0403644000000000
0.0394536000000000
0.0387571000000000
0.0378674000000000
0.0371425000000000
0.0361081000000000
0.0354723000000000
0.0345565000000000
0.0362350000000000
0.0375484000000000
0.0367309000000000
0.0387332000000000
0.0404499000000000
0.0418687000000000
0.0423643000000000
0.0434169000000000
0.0450664000000000
0.0465983000000000
0.0489243000000000
0.0481251000000000
0.0465294000000000
0.0453831000000000
0.0442968000000000
0.0429124000000000
0.0424002000000000
0.0417961000000000
0.0392891000000000
0.0379934000000000
0.0354388000000000
0.0319968000000000
0.0295193000000000
0.0258474000000000
0.0223863000000000
0.0193746000000000
0.0155288000000000
0.00984338000000000
0.00609113000000000
0.00125018000000000
-0.00324446000000000
-0.00708535000000000
-0.0121046000000000
-0.0152270000000000
-0.0177540000000000
-0.0222840000000000
-0.0272383000000000
-0.0302761000000000
-0.0335631000000000
-0.0359064000000000
-0.0364195000000000
-0.0385703000000000
-0.0382415000000000
-0.0370501000000000
-0.0363947000000000
-0.0334174000000000
-0.0285515000000000
-0.0242838000000000
-0.0193408000000000
-0.0128224000000000
-0.00805421000000000
-0.00567225000000000
-0.00347636000000000
-0.00370794000000000
-0.00531780000000000
-0.00630888000000000
-0.00876262000000000
-0.0114167000000000
-0.0148323000000000
-0.0151157000000000
-0.0145322000000000
-0.0133140000000000
-0.0104879000000000
-0.00956422000000000
-0.00920984000000000
-0.00729627000000000
-0.00699816000000000
-0.00577614000000000
-0.00435956000000000
-0.00268003000000000
-0.000690228000000000
0.000924901000000000
0.00455225000000000
0.00721541000000000
0.00784670000000000
0.0107479000000000
0.0140323000000000
0.0150640000000000
0.0147364000000000
0.0142325000000000
0.0140132000000000
0.0134394000000000
0.0132444000000000
0.0113327000000000
0.00798947000000000
0.00740082000000000
0.00752779000000000
0.00717733000000000
0.00905489000000000
0.0112708000000000
0.0122603000000000
0.0121079000000000
0.0127566000000000
0.0129648000000000
0.0128740000000000
0.0104937000000000
0.00750902000000000
0.00473491000000000
0.000893021000000000
-0.00324891000000000
-0.00704962000000000
-0.0100315000000000
-0.0122379000000000
-0.0156962000000000
-0.0177801000000000
-0.0182518000000000
-0.0201336000000000
-0.0216424000000000
-0.0220279000000000
-0.0227507000000000
-0.0222603000000000
-0.0215052000000000
-0.0193683000000000
-0.0188976000000000
-0.0164821000000000
-0.0135744000000000
-0.0136677000000000
-0.0126688000000000
-0.00912367000000000
-0.00814410000000000
-0.00868464000000000
-0.00575729000000000
-0.00353042000000000
-0.00408388000000000
-0.00280820000000000
0.000360736000000000
0.00262716000000000
0.00459294000000000
0.00481999000000000
0.00759970000000000
0.00828219000000000
0.00488303000000000
0.00356984000000000
0.00108993000000000
-0.00130431000000000
-0.00454538000000000
-0.00785945000000000
-0.00888953000000000
-0.0109459000000000
-0.0131414000000000
-0.0142841000000000
-0.0144216000000000
-0.0153729000000000
-0.0178751000000000
-0.0188657000000000
-0.0192576000000000
-0.0204275000000000
-0.0206963000000000
-0.0198825000000000
-0.0201480000000000
-0.0209844000000000
-0.0205608000000000
-0.0229803000000000
-0.0238504000000000
-0.0231066000000000
-0.0250707000000000
-0.0257930000000000
-0.0248942000000000
-0.0237638000000000
-0.0207058000000000
-0.0156577000000000
-0.0128678000000000
-0.00899812000000000
-0.00495243000000000
-0.00246074000000000
-0.00199743000000000
-0.00100099000000000
0.000723420000000000
0.00103928000000000
0.00383617000000000
0.00769265000000000
0.00890277000000000
0.00991690000000000
0.0120047000000000
0.0160390000000000
0.0176581000000000
0.0200398000000000
0.0218317000000000
0.0250289000000000
0.0272729000000000
0.0303386000000000
0.0345100000000000
0.0367489000000000
0.0374104000000000
0.0378069000000000
0.0381967000000000
0.0373761000000000
0.0361398000000000
0.0354876000000000
0.0337632000000000
0.0307487000000000
0.0271741000000000
0.0254498000000000
0.0217561000000000
0.0189130000000000
0.0142446000000000
0.00737473000000000
0.000943217000000000
-0.00396657000000000
-0.00929095000000000
-0.0156753000000000
-0.0208506000000000
-0.0228802000000000
-0.0239133000000000
-0.0259912000000000
-0.0281390000000000
-0.0288994000000000
-0.0303148000000000
-0.0321311000000000
-0.0327158000000000
-0.0340281000000000
-0.0340862000000000
-0.0346193000000000
-0.0338366000000000
-0.0327203000000000
-0.0303219000000000
-0.0283298000000000
-0.0255533000000000
-0.0221452000000000
-0.0176376000000000
-0.0120156000000000
-0.00705507000000000
-0.00398494000000000
-0.000598076000000000
0.00367493000000000
0.00741421000000000
0.00918943000000000
0.00946322000000000
0.0126623000000000
0.0131367000000000
0.0125384000000000
0.0125283000000000
0.0123920000000000
0.0126402000000000
0.0138166000000000
0.0148158000000000
0.0157257000000000
0.0170191000000000
0.0187511000000000
0.0198845000000000
0.0223939000000000
0.0232605000000000
0.0249869000000000
0.0255659000000000
0.0267070000000000
0.0282283000000000
0.0275006000000000
0.0267076000000000
0.0247362000000000
0.0229012000000000
0.0211156000000000
0.0192405000000000
0.0175769000000000
0.0168150000000000
0.0166724000000000
0.0154514000000000
0.0139592000000000
0.0111600000000000
0.00855178000000000
0.00539517000000000
0.00322870000000000
-0.000297066000000000
-0.00344455000000000
-0.00493590000000000
-0.00590437000000000
-0.00849502000000000
-0.00923600000000000
-0.0105252000000000
-0.0105517000000000
-0.0113869000000000
-0.0110616000000000
-0.00975418000000000
-0.00958401000000000
-0.00956246000000000
-0.00915332000000000
-0.00903572000000000
-0.00735552000000000
-0.00604606000000000
-0.00443911000000000
-0.00416078000000000
-0.00317913000000000
-0.00174985000000000
-0.000116294000000000
0.00201934000000000
0.00363170000000000
0.00607637000000000
0.00858626000000000
0.0104562000000000
0.0131888000000000
0.0141108000000000
0.0145055000000000
0.0172373000000000
0.0172608000000000
0.0163215000000000
0.0159054000000000
0.0138060000000000
0.0123003000000000
0.0107573000000000
0.0102689000000000
0.00992313000000000
0.00938024000000000
0.00919724000000000
0.00813932000000000
0.00642515000000000
0.00487580000000000
0.00362200000000000
0.00360656000000000
0.00331597000000000
0.00378177000000000
0.00591312000000000
0.00717559000000000
0.00674419000000000
0.00961295000000000
0.0104661000000000
0.00970764000000000
0.00829550000000000
0.00690434000000000
0.00666110000000000
0.00648971000000000
0.00591372000000000
0.00655540000000000
0.00756587000000000
0.00729691000000000
0.00673130000000000
0.00638016000000000
0.00352077000000000
0.00188353000000000
-0.000704215000000000
-0.00449503000000000
-0.00856933000000000
-0.0118389000000000
-0.0166254000000000
-0.0194357000000000
-0.0213127000000000
-0.0230743000000000
-0.0227273000000000
-0.0245307000000000
-0.0253434000000000
-0.0231821000000000
-0.0225605000000000
-0.0209634000000000
-0.0195812000000000
-0.0194275000000000
-0.0180835000000000
-0.0162745000000000
-0.0160883000000000
-0.0159335000000000
-0.0150529000000000
-0.0130377000000000
-0.0125446000000000
-0.0113800000000000
-0.00977352000000000
-0.00975770000000000
-0.00945038000000000
-0.00986751000000000
-0.0111085000000000
-0.0109922000000000
-0.0105094000000000
-0.0104170000000000
-0.00964910000000000
-0.00715895000000000
-0.00546898000000000
-0.00560545000000000
-0.00534531000000000
-0.00512364000000000
-0.00491550000000000
-0.00498307000000000
-0.00468484000000000
-0.00448876000000000
-0.00141078000000000
0.000550279000000000
0.00187314000000000
0.00481654000000000
0.00603623000000000
0.00711325000000000
0.00784612000000000
0.00706082000000000
0.00540255000000000
0.00427831000000000
0.00291982000000000
0.00278011000000000
0.00100285000000000
0.000304053000000000
0.000464144000000000
0.00147438000000000
0.00261586000000000
0.00237769000000000
0.00254445000000000
0.00484372000000000
0.00643763000000000
0.00724227000000000
0.00946444000000000
0.0100417000000000
0.00993380000000000
0.0113345000000000
0.0112998000000000
0.0107227000000000
0.0104679000000000
0.0102217000000000
0.00995253000000000
0.00899679000000000
0.00721802000000000
0.00577445000000000
0.00301011000000000
0.00193791000000000
-7.76662000000000e-05
-0.00206884000000000
-0.00333324000000000
-0.00436552000000000
-0.00428410000000000
-0.00413745000000000
-0.00428591000000000
-0.00410328000000000
-0.00521289000000000
-0.00629293000000000
-0.00749171000000000
-0.00846616000000000
-0.00978477000000000
-0.00987940000000000
-0.00943575000000000
-0.00935592000000000
-0.00919456000000000
-0.00855849000000000
-0.00681594000000000
-0.00644213000000000
-0.00644058000000000
-0.00468519000000000
-0.00352092000000000
-0.00159647000000000
0.000348067000000000
0.00136366000000000
0.00375038000000000
0.00463732000000000
0.00579474000000000
0.00689540000000000
0.00802503000000000
0.00678902000000000
0.00376455000000000
0.00325206000000000
0.00226056000000000
-0.000874662000000000
-0.00239419000000000
-0.00318638000000000
-0.00340440000000000
-0.00332246000000000
-0.00280095000000000
-0.00104937000000000
-0.00112883000000000
-0.00119694000000000
-0.000935007000000000
0.000869641000000000
0.00103427000000000
0.00177039000000000
0.00291375000000000
0.00291526000000000
0.00283587000000000
0.00476209000000000
0.00388290000000000
0.00210438000000000
-0.000561482000000000
-0.00267485000000000
-0.00536231000000000
-0.00683173000000000
-0.00894587000000000
-0.0103181000000000
-0.00983247000000000
-0.00959067000000000
-0.00959428000000000
-0.00843943000000000
-0.00791844000000000
-0.00901532000000000
-0.00889705000000000
-0.0100202000000000
-0.0104021000000000
-0.00981598000000000
-0.0109397000000000
-0.0116855000000000
-0.0111569000000000
-0.0108285000000000
-0.0107288000000000
-0.00920212000000000
-0.00633525000000000
-0.00370075000000000
-0.000792123000000000
0.00269782000000000
0.00394642000000000
0.00620344000000000
0.00729204000000000
0.00638851000000000
0.00493077000000000
0.00372655000000000
0.00251530000000000
0.00237790000000000
0.00236095000000000
0.00170982000000000
0.000128613000000000
-3.42768000000000e-05
0.000303051000000000
0.00156220000000000
0.00231699000000000
0.00255334000000000
0.00506260000000000
0.00641015000000000
0.00599896000000000
0.00585944000000000
0.00587954000000000
0.00581488000000000
0.00556273000000000
0.00661301000000000
0.00762465000000000
0.00870943000000000
0.0102208000000000
0.0128268000000000
0.0138337000000000
0.0155328000000000
0.0151083000000000
0.0150521000000000
0.0163918000000000
0.0169333000000000
0.0166307000000000
0.0158372000000000
0.0158374000000000
0.0146068000000000
0.0121850000000000
0.00883174000000000
0.00765898000000000
0.00444897000000000
0.00147749000000000
-0.000183996000000000
-0.00312503000000000
-0.00602736000000000
-0.00562879000000000
-0.00687848000000000
-0.00583696000000000
-0.00535495000000000
-0.00440256000000000
-0.00180926000000000
0.000658509000000000
0.00100244000000000
0.000784727000000000
0.000800791000000000
0.000880676000000000
0.000676014000000000
0.000718419000000000
-1.44444000000000e-05
-0.00220308000000000
-0.00496530000000000
-0.00579286000000000
-0.00720787000000000
-0.00815587000000000
-0.0101516000000000
-0.0116133000000000
-0.0125396000000000
-0.0133258000000000
-0.0145279000000000
-0.0149495000000000
-0.0144117000000000
-0.0140838000000000
-0.0138075000000000
-0.0146448000000000
-0.0168842000000000
-0.0171033000000000
-0.0159240000000000
-0.0140239000000000
-0.0135141000000000
-0.0133725000000000
-0.0113979000000000
-0.00861839000000000
-0.00794466000000000
-0.00741615000000000
-0.00465841000000000
-0.00303908000000000
-0.00185845000000000
-0.000785787000000000
-0.000859036000000000
-0.000735978000000000
-0.000762918000000000
0.000447705000000000
0.00169589000000000
0.00159504000000000
0.00179985000000000
0.00398974000000000
0.00637840000000000
0.00870424000000000
0.00969900000000000
0.00953800000000000
0.0103403000000000
0.0101179000000000
0.00965822000000000
0.00893232000000000
0.00627188000000000
0.00472296000000000
0.00477186000000000
0.00300981000000000
0.00208960000000000
0.00156062000000000
0.00177472000000000
0.00429254000000000
0.00408700000000000
0.00374064000000000
0.00379549000000000
0.00368959000000000
0.00512622000000000
0.00775507000000000
0.00733132000000000
0.00856850000000000
0.00955805000000000
0.0106888000000000
0.0113262000000000
0.0134626000000000
0.0143220000000000
0.0149097000000000
0.0136368000000000
0.0125590000000000
0.0125014000000000
0.0120321000000000
0.0102342000000000
0.00713940000000000
0.00494507000000000
0.00385149000000000
0.00147730000000000
-0.00140506000000000
-0.00246671000000000
-0.00279731000000000
-0.00606812000000000
-0.00681969000000000
-0.00809491000000000
-0.0110157000000000
-0.0106931000000000
-0.0120728000000000
-0.0141546000000000
-0.0141463000000000
-0.0134203000000000
-0.0133623000000000
-0.0115483000000000
-0.0104300000000000
-0.00999670000000000
-0.00683615000000000
-0.00345104000000000
-0.00250382000000000
-8.91619000000000e-05
0.000751290000000000
0.000893016000000000
0.00309338000000000
0.00477590000000000
0.00316056000000000
0.00208556000000000
0.00188713000000000
0.000466235000000000
-0.000341475000000000
0.000178004000000000
-0.00255964000000000
-0.00450881000000000
-0.00553232000000000
-0.00646034000000000
-0.00774807000000000
-0.00750190000000000
-0.00851709000000000
-0.00881675000000000
-0.00702366000000000
-0.00566120000000000
-0.00442242000000000
-0.00282160000000000
-0.000201621000000000
0.00178680000000000
0.00241633000000000
0.00449619000000000
0.00684345000000000
0.00766136000000000
0.00912727000000000
0.0119227000000000
0.0114079000000000
0.0117698000000000
0.0116873000000000
0.0108733000000000
0.00923813000000000
0.00771005000000000
0.00655842000000000
0.00397825000000000
0.00184346000000000
0.00141157000000000
-0.00134750000000000
-0.00283844000000000
-0.00454868000000000
-0.00562610000000000
-0.00516467000000000
-0.00478367000000000
-0.00342646000000000
-0.00239781000000000
-0.00119405000000000
-0.00123226000000000
-0.00146547000000000
-0.00267031000000000
-0.00346897000000000
-0.00433471000000000
-0.00413586000000000
-0.00287653000000000
-0.00176844000000000
-0.000760036000000000
0.00114038000000000
0.00300979000000000
0.00414304000000000
0.00594096000000000
0.00732429000000000
0.00773464000000000
0.00783183000000000
0.00555488000000000
0.00443036000000000
0.00307233000000000
0.000673289000000000
-0.000563434000000000
-0.00142172000000000
-0.00322512000000000
-0.00392759000000000
-0.00310108000000000
-0.00206765000000000
-0.000976967000000000
-0.000255509000000000
0.00184223000000000
0.00316789000000000
0.00380086000000000
0.00450848000000000
0.00521611000000000
0.00501010000000000
0.00457909000000000
0.00425603000000000
0.00288251000000000
0.00271020000000000
0.00102084000000000
-0.000787930000000000
-0.000686882000000000
-0.00167172000000000
-0.00201756000000000
-0.00244234000000000
-0.00330755000000000
-0.00306155000000000
-0.00298832000000000
-0.00279917000000000
-0.00389951000000000
-0.00469541000000000
-0.00367838000000000
-0.00341890000000000
-0.00232695000000000
-0.00244411000000000
-0.00267899000000000
-0.00308567000000000
-0.00421402000000000
-0.00380663000000000
-0.00361143000000000
-0.00336708000000000
-0.00327528000000000
-0.00233863000000000
-0.00150794000000000
0.000381424000000000
0.00229364000000000
0.00293712000000000
0.00387246000000000
0.00574189000000000
0.00680116000000000
0.00760119000000000
0.00882640000000000
0.0100600000000000
0.0101242000000000
0.0100480000000000
0.00960003000000000
0.00894364000000000
0.00842510000000000
0.00782333000000000
0.00731977000000000
0.00675066000000000
0.00625733000000000
0.00570166000000000
0.00527775000000000
0.00469730000000000
0.00497903000000000
0.00563903000000000
0.00445528000000000
0.00288089000000000
0.00216306000000000
0.00129565000000000
3.16917000000000e-05
-0.00166067000000000
-0.00276758000000000
-0.00372658000000000
-0.00474229000000000
-0.00558268000000000
-0.00637410000000000
-0.00659486000000000
-0.00631704000000000
-0.00615012000000000
-0.00595475000000000
-0.00574030000000000
-0.00516970000000000
-0.00421698000000000
-0.00337209000000000
-0.00298608000000000
-0.00203405000000000
-0.00144235000000000
-0.000543078000000000
-0.000245325000000000
-0.000135232000000000
-0.000109461000000000
-0.000756383000000000
-0.00111663000000000
-0.00204320000000000
-0.00330779000000000
-0.00433224000000000
-0.00452500000000000
-0.00526935000000000
-0.00598467000000000
-0.00608180000000000
-0.00620164000000000
-0.00630215000000000
-0.00633960000000000
-0.00631654000000000
-0.00608168000000000
-0.00557793000000000
-0.00536998000000000
-0.00528749000000000
-0.00478912000000000
-0.00452225000000000
-0.00446714000000000
-0.00374248000000000
-0.00308890000000000
-0.00247650000000000
-0.00184387000000000
-0.00138930000000000
-0.000801923000000000
-0.000242868000000000
0.000241027000000000
0.000647482000000000
0.00108409000000000
0.00149773000000000
0.00154722000000000
0.00181977000000000
0.00215614000000000
0.00225835000000000
0.00227544000000000
0.00245237000000000
0.00256946000000000
0.00243684000000000
0.00243091000000000
0.00237052000000000
0.00227273000000000
0.00223685000000000
0.00205609000000000
0.00188753000000000
0.00179759000000000
0.00171144000000000
0.00157074000000000
0.00147217000000000
0.00139556000000000
0.00127958000000000
0.00121790000000000
0.00112990000000000
0.00102616000000000
0.000939392000000000
0.000870322000000000
0.000828288000000000
0.000788483000000000
0.000746490000000000
0.000726031000000000
0.000707695000000000
0.000665005000000000
0.000645063000000000
0.000613397000000000
0.000562840000000000
0.000521473000000000
0.000479494000000000
0.000440791000000000
0.000400508000000000
0.000370703000000000
0.000346242000000000
0.000311245000000000
0.000282763000000000
0.000264257000000000
0.000232301000000000
0.000203363000000000
0.000174432000000000
0.000142221000000000
0.000110959000000000
8.60981000000000e-05
5.79981000000000e-05
3.35879000000000e-05
1.06062000000000e-05
-9.56895000000000e-06
-2.87785000000000e-05
-4.56673000000000e-05
-6.19828000000000e-05
-7.40248000000000e-05
-8.65160000000000e-05
-9.63162000000000e-05
-0.000103924000000000
-0.000111460000000000
-0.000117938000000000
-0.000122083000000000
-0.000125671000000000
-0.000128451000000000
-0.000130402000000000
-0.000131161000000000
-0.000131244000000000
-0.000130317000000000
-0.000128679000000000
-0.000126217000000000
-0.000123217000000000
-0.000119436000000000
-0.000115088000000000
-0.000110121000000000
-0.000104649000000000
-9.86185000000000e-05
-9.21240000000000e-05
-8.51634000000000e-05
-7.77910000000000e-05
-7.00239000000000e-05
-6.18935000000000e-05
0