  -0.556187E-05  -0.552146E-05  -0.544615E-05  -0.536869E-05  -0.530111E-05
  -0.531883E-05  -0.527898E-05  -0.512305E-05  -0.513981E-05  -0.547859E-05
  -0.584220E-05  -0.590311E-05  -0.541984E-05  -0.431650E-05  -0.340347E-05
  -0.369323E-05  -0.433946E-05  -0.497075E-05  -0.659116E-05  -0.724596E-05
  -0.584278E-05  -0.429576E-05  -0.557120E-05  -0.753441E-05  -0.806166E-05
  -0.822191E-05  -0.703813E-05  -0.540308E-05  -0.415696E-05  -0.335272E-05
  -0.635039E-05  -0.731409E-05  -0.380723E-05  -0.523261E-05  -0.665959E-05
  -0.564146E-05  -0.672955E-05  -0.843452E-05  -0.728360E-05  -0.447784E-05
  -0.396331E-05  -0.589359E-05  -0.527735E-05  -0.142513E-04  -0.209489E-04
  -0.132116E-04   0.206130E-05   0.803294E-05   0.481478E-07  -0.324996E-05
  -0.733855E-05  -0.125097E-04  -0.690261E-06   0.130889E-04   0.143188E-04
   0.772472E-05   0.304063E-06  -0.158187E-04  -0.374345E-04  -0.438927E-04
  -0.137317E-04   0.233670E-04   0.123655E-04  -0.176974E-04  -0.163010E-04
   0.144617E-04   0.256901E-04   0.217454E-04   0.237046E-04   0.263292E-04
   0.213263E-04  -0.892566E-05  -0.306070E-04  -0.202232E-04  -0.713307E-05
  -0.292878E-04  -0.677559E-04  -0.635181E-04  -0.328387E-04  -0.156395E-04
  -0.230503E-04  -0.171155E-04   0.246854E-04   0.645302E-04   0.511618E-04
  -0.135455E-04  -0.393935E-04  -0.283085E-04  -0.175222E-04   0.990752E-05
   0.569738E-04   0.847744E-04   0.366989E-04  -0.198802E-04  -0.336741E-04
   0.607815E-05   0.365837E-04  -0.118268E-04  -0.734322E-04  -0.614884E-04
   0.221310E-05   0.105209E-04  -0.499873E-04  -0.546741E-04  -0.209778E-04
  -0.265458E-04  -0.140582E-04   0.230835E-05   0.978050E-05   0.128828E-04
   0.288019E-05   0.251578E-04   0.707720E-04   0.487195E-04  -0.816297E-04
  -0.125192E-03  -0.115451E-04   0.598636E-04   0.195636E-04  -0.870719E-06
   0.241619E-04   0.383103E-04   0.145989E-04  -0.421630E-04  -0.682970E-04
  -0.514605E-04  -0.552162E-05   0.120068E-04  -0.479484E-04  -0.799966E-04
  -0.333675E-04  -0.430582E-04  -0.453828E-04   0.198242E-04   0.191298E-04
  -0.712853E-04  -0.121027E-03  -0.675652E-04  -0.108264E-04  -0.264651E-05
   0.160341E-04   0.354088E-04   0.429294E-04   0.144583E-04  -0.660981E-04
  -0.131468E-03  -0.563486E-04   0.141208E-03   0.260277E-03   0.251916E-03
   0.173020E-03   0.518953E-04  -0.158592E-04   0.302485E-04   0.788986E-04
   0.484238E-04   0.210329E-04   0.376904E-04   0.643787E-04   0.100100E-03
   0.880416E-04  -0.181195E-04  -0.738637E-04  -0.967086E-05   0.127952E-04
  -0.433689E-04  -0.130685E-03  -0.215886E-03  -0.189088E-03  -0.311148E-04
   0.795339E-04   0.703026E-04   0.329170E-04   0.320489E-04   0.361767E-04
  -0.378896E-05  -0.419749E-04  -0.519435E-04  -0.489379E-04  -0.730431E-04
  -0.935227E-04  -0.529277E-04   0.140575E-04  -0.130428E-04  -0.740180E-04
   0.297537E-05   0.453723E-04   0.870441E-05   0.278791E-05  -0.448432E-04
  -0.998695E-04  -0.816488E-04  -0.199829E-03  -0.293177E-03  -0.172447E-03
   0.462542E-04   0.102553E-03   0.329888E-04  -0.174094E-04  -0.213324E-04
  -0.232870E-04  -0.800885E-04  -0.141674E-03  -0.674613E-04   0.452262E-04
  -0.867333E-04  -0.234407E-03  -0.153233E-03  -0.444309E-04  -0.490187E-04
  -0.264381E-04   0.265445E-04   0.169006E-04  -0.820648E-05  -0.471422E-04
  -0.146407E-03  -0.165830E-03   0.295678E-04   0.170650E-03   0.152209E-03
   0.126982E-03   0.737059E-04   0.187077E-04   0.648570E-04   0.181000E-03
   0.205301E-03   0.136299E-03   0.678583E-04   0.512850E-05  -0.280205E-05
   0.905631E-04   0.131168E-03   0.246927E-04   0.909889E-05   0.965111E-04
   0.134370E-03   0.315581E-04  -0.911820E-04  -0.892111E-04   0.190863E-04
   0.961494E-04   0.663922E-04   0.243847E-04   0.228431E-05   0.927550E-05
  -0.174239E-04  -0.224976E-04  -0.249585E-05  -0.272030E-04  -0.678155E-04
  -0.137731E-04   0.117698E-03   0.952733E-04  -0.751313E-04  -0.228752E-03
  -0.187981E-03   0.812176E-04   0.216605E-03   0.941003E-04  -0.902777E-05
   0.117357E-03   0.230800E-03   0.178831E-03   0.777606E-05  -0.106075E-03
  -0.962028E-05   0.138767E-03   0.111059E-03   0.903490E-05   0.510734E-04
   0.111302E-03   0.119692E-03   0.119581E-03   0.163327E-03   0.226250E-03
   0.129093E-03  -0.122930E-03  -0.210002E-03  -0.587181E-04   0.907590E-04
   0.755406E-04   0.302852E-05   0.826996E-04   0.209720E-03   0.155293E-03
   0.225012E-04  -0.545645E-04  -0.871650E-05   0.986062E-04   0.120583E-03
   0.842587E-05  -0.113766E-03  -0.727816E-04   0.852140E-04   0.108200E-03
   0.315745E-04  -0.930340E-05  -0.197373E-04  -0.335579E-04  -0.118013E-04
   0.142391E-04   0.617116E-05   0.129305E-05  -0.334043E-04  -0.685009E-04
  -0.268493E-04   0.182616E-04  -0.981850E-05  -0.448320E-04  -0.299786E-04
  -0.240911E-05  -0.196261E-04  -0.198413E-06   0.101235E-03  -0.137219E-04
  -0.398656E-03  -0.427566E-03  -0.708828E-04   0.117345E-03   0.290758E-04
  -0.649268E-04  -0.406792E-04   0.842259E-04   0.171609E-03   0.858212E-04
  -0.282805E-04   0.273062E-04   0.719131E-04   0.529298E-04   0.734611E-05
  -0.708058E-04  -0.719497E-04   0.107729E-04   0.884914E-04   0.113062E-03
  -0.269095E-04  -0.134453E-03  -0.103056E-03  -0.100053E-03  -0.142522E-03
  -0.853084E-04   0.471721E-04   0.116872E-03   0.152675E-03   0.137008E-03
   0.692727E-04  -0.172068E-04   0.303842E-04   0.111786E-03   0.140981E-03
   0.863587E-04  -0.793988E-04  -0.104154E-03  -0.844940E-04  -0.197324E-03
  -0.259697E-03  -0.114568E-03   0.790030E-04   0.129931E-03   0.393128E-04
  -0.489007E-04  -0.242609E-04   0.323884E-04   0.373274E-04  -0.118265E-04
  -0.854253E-04  -0.145637E-03  -0.863674E-04   0.416852E-04   0.182404E-03
   0.203805E-03   0.516544E-04  -0.591799E-04  -0.517621E-04  -0.308581E-04
  -0.154845E-04  -0.152949E-04   0.282262E-04   0.810444E-04   0.925139E-04
   0.707661E-04   0.781696E-04   0.660637E-04  -0.166482E-04  -0.902665E-04
  -0.102739E-03  -0.316229E-04   0.630711E-04   0.138984E-04  -0.120407E-03
  -0.164888E-03  -0.433782E-05   0.250743E-03   0.302093E-03   0.135209E-03
  -0.159924E-04   0.148073E-04   0.937983E-04   0.249635E-04  -0.107572E-03
  -0.113898E-03  -0.532986E-04  -0.362210E-04  -0.827515E-04  -0.872938E-04
  -0.496780E-04  -0.227003E-04   0.485590E-04   0.774069E-04   0.637831E-04
   0.748859E-04   0.842004E-04  -0.246696E-04  -0.167107E-03  -0.101170E-03
   0.118826E-03   0.199653E-03   0.325586E-04  -0.126209E-03  -0.757938E-04
   0.780533E-04   0.569316E-04  -0.230984E-04  -0.340760E-05  -0.305878E-05
   0.193012E-04   0.465896E-04   0.682656E-04   0.519828E-04   0.159962E-04
   0.453755E-04  -0.770859E-04  -0.429691E-03  -0.476767E-03  -0.155663E-03
   0.113933E-03   0.835218E-04  -0.931952E-04  -0.189670E-03  -0.147835E-03
  -0.750131E-04  -0.391435E-04  -0.196739E-04  -0.356264E-04   0.531371E-05
   0.765503E-04   0.120703E-03   0.130082E-03   0.557359E-04  -0.595338E-04
  -0.140503E-03  -0.145374E-03  -0.372660E-04   0.103531E-03   0.151213E-03
   0.114906E-03   0.906098E-04   0.500258E-04  -0.961668E-04  -0.219270E-03
  -0.147461E-03   0.426916E-04   0.818546E-04  -0.727026E-04  -0.153646E-03
  -0.941932E-04  -0.103301E-03  -0.173038E-03  -0.833148E-04   0.146090E-03
   0.206094E-03   0.580830E-04  -0.264877E-04   0.211277E-04   0.411988E-04
  -0.133848E-03  -0.226725E-03  -0.858873E-04   0.139688E-03   0.175535E-03
   0.365444E-04   0.579305E-04   0.116625E-03  -0.286548E-04  -0.294042E-03
  -0.249397E-03  -0.658155E-04  -0.548914E-04  -0.152019E-03  -0.244556E-03
  -0.177244E-03  -0.259078E-04   0.489110E-04   0.903962E-05   0.491930E-04
   0.111135E-03   0.120203E-03   0.787981E-04   0.104046E-04  -0.222591E-04
  -0.273800E-04  -0.571763E-04  -0.123370E-03  -0.118674E-03  -0.280604E-04
   0.539173E-04   0.766356E-04  -0.390076E-05  -0.839480E-04  -0.232046E-04
   0.440463E-04   0.864786E-05  -0.566260E-04  -0.100232E-03  -0.146199E-03
  -0.191882E-03  -0.184624E-03  -0.165145E-03  -0.138003E-03  -0.129685E-03
  -0.188053E-03  -0.294935E-03  -0.399146E-03  -0.402810E-03  -0.256994E-03
  -0.804348E-04   0.865303E-06  -0.229941E-04  -0.945033E-04  -0.217461E-03
  -0.234492E-03  -0.960502E-04  -0.977031E-05  -0.236088E-04  -0.109241E-04
   0.923848E-04   0.147165E-03   0.859296E-04   0.735063E-04   0.174194E-03
   0.249850E-03   0.163384E-03   0.877354E-04   0.342098E-04  -0.135972E-03
  -0.272417E-03  -0.249223E-03  -0.209111E-03  -0.288668E-03  -0.579293E-03
  -0.636282E-03  -0.273006E-03   0.864024E-04   0.155733E-03  -0.509214E-04
  -0.342015E-03  -0.562821E-03  -0.543549E-03  -0.212502E-03   0.318722E-03
   0.833223E-03   0.890188E-03   0.390640E-03  -0.267758E-03  -0.712818E-03
  -0.846036E-03  -0.770159E-03  -0.709265E-03  -0.803581E-03  -0.982994E-03
  -0.112667E-02  -0.119399E-02  -0.115227E-02  -0.926751E-03  -0.522934E-03
  -0.275322E-03  -0.489293E-03  -0.117109E-02  -0.179960E-02  -0.182060E-02
  -0.135593E-02  -0.939754E-03  -0.787669E-03  -0.712608E-03  -0.593143E-03
  -0.422447E-03  -0.962809E-04   0.340648E-03   0.596810E-03   0.562955E-03
   0.385551E-03   0.335560E-03   0.686389E-03   0.162203E-02   0.275498E-02
   0.333746E-02   0.311948E-02   0.228055E-02   0.993336E-03  -0.319267E-03
  -0.117822E-02  -0.153919E-02  -0.170821E-02  -0.191101E-02  -0.198114E-02
  -0.175406E-02  -0.140873E-02  -0.100427E-02  -0.556178E-03  -0.536939E-03
  -0.139199E-02  -0.278020E-02  -0.381116E-02  -0.379395E-02  -0.271851E-02
  -0.112397E-02   0.491720E-03   0.154549E-02   0.168136E-02   0.107932E-02
   0.246601E-03  -0.139637E-03   0.178560E-03   0.923048E-03   0.177527E-02
   0.273456E-02   0.375320E-02   0.425725E-02   0.401256E-02   0.329682E-02
   0.246346E-02   0.159074E-02   0.720112E-03   0.289423E-03   0.845118E-03
   0.246660E-02   0.436102E-02   0.564749E-02   0.605788E-02   0.547808E-02
   0.397414E-02   0.197818E-02   0.110162E-03  -0.137118E-02  -0.255931E-02
  -0.346116E-02  -0.393433E-02  -0.383214E-02  -0.320827E-02  -0.228739E-02
  -0.132125E-02  -0.433096E-03   0.424321E-03   0.117244E-02   0.177742E-02
   0.236805E-02   0.297121E-02   0.333696E-02   0.338658E-02   0.301978E-02
   0.236164E-02   0.194978E-02   0.193258E-02   0.200956E-02   0.203128E-02
   0.212353E-02   0.212851E-02   0.182935E-02   0.104971E-02  -0.304760E-03
  -0.199710E-02  -0.354516E-02  -0.455104E-02  -0.460578E-02  -0.349193E-02
  -0.186275E-02  -0.751895E-03  -0.633343E-03  -0.132846E-02  -0.241361E-02
  -0.326385E-02  -0.362212E-02  -0.363488E-02  -0.349442E-02  -0.336244E-02
  -0.330928E-02  -0.357430E-02  -0.427805E-02  -0.532490E-02  -0.645714E-02
  -0.698200E-02  -0.611147E-02  -0.353328E-02   0.394072E-03   0.474096E-02
   0.827668E-02   0.973491E-02   0.852248E-02   0.506741E-02   0.719868E-03
  -0.295017E-02  -0.499427E-02  -0.511530E-02  -0.355513E-02  -0.104686E-02
   0.155167E-02   0.370704E-02   0.530761E-02   0.646350E-02   0.714690E-02
   0.720705E-02   0.654753E-02   0.518307E-02   0.337690E-02   0.120787E-02
  -0.102083E-02  -0.251019E-02  -0.288108E-02  -0.264636E-02  -0.237546E-02
  -0.253048E-02  -0.347092E-02  -0.509110E-02  -0.695733E-02  -0.862866E-02
  -0.952708E-02  -0.909896E-02  -0.738638E-02  -0.523514E-02  -0.357253E-02
  -0.280033E-02  -0.298624E-02  -0.369010E-02  -0.372992E-02  -0.195871E-02
   0.194820E-02   0.728931E-02   0.127810E-01   0.171030E-01   0.194028E-01
   0.194707E-01   0.176392E-01   0.149126E-01   0.122299E-01   0.988583E-02
   0.793372E-02   0.655332E-02   0.575540E-02   0.566552E-02   0.665385E-02
   0.889218E-02   0.114551E-01   0.126099E-01   0.111590E-01   0.718959E-02
   0.176129E-02  -0.366927E-02  -0.769564E-02  -0.926248E-02  -0.828053E-02
  -0.557038E-02  -0.280370E-02  -0.145034E-02  -0.196783E-02  -0.407457E-02
  -0.683553E-02  -0.915096E-02  -0.101476E-01  -0.931327E-02  -0.661282E-02
  -0.278002E-02   0.930126E-03   0.378611E-02   0.529609E-02   0.515591E-02
   0.383509E-02   0.226368E-02   0.966389E-03   0.755844E-04  -0.117887E-03
   0.803000E-03   0.270877E-02   0.493112E-02   0.647768E-02   0.663019E-02
   0.550934E-02   0.341158E-02   0.238762E-03  -0.403785E-02  -0.854531E-02
  -0.116190E-01  -0.120308E-01  -0.970662E-02  -0.521630E-02   0.432839E-03
   0.562318E-02   0.851335E-02   0.792308E-02   0.420582E-02  -0.117393E-02
  -0.681788E-02  -0.116129E-01  -0.143524E-01  -0.136912E-01  -0.936769E-02
  -0.265741E-02   0.434642E-02   0.928824E-02   0.102393E-01   0.654639E-02
  -0.813623E-03  -0.949067E-02  -0.164221E-01  -0.192375E-01  -0.174469E-01
  -0.123194E-01  -0.590450E-02  -0.281292E-03   0.272819E-02   0.210656E-02
  -0.158117E-02  -0.647121E-02  -0.104222E-01  -0.115664E-01  -0.950452E-02
  -0.547863E-02  -0.139298E-02   0.142058E-02   0.299412E-02   0.387438E-02
   0.432133E-02   0.423569E-02   0.333880E-02   0.177231E-02  -0.927925E-04
  -0.175914E-02  -0.252915E-02  -0.171192E-02   0.760146E-03   0.413710E-02
   0.709315E-02   0.823416E-02   0.694793E-02   0.337010E-02  -0.147118E-02
  -0.629317E-02  -0.100388E-01  -0.123451E-01  -0.130829E-01  -0.117973E-01
  -0.830564E-02  -0.337069E-02   0.144789E-02   0.413562E-02   0.316795E-02
  -0.136364E-02  -0.768988E-02  -0.133166E-01  -0.159673E-01  -0.144110E-01
  -0.904672E-02  -0.171731E-02   0.533453E-02   0.107161E-01   0.136827E-01
   0.142533E-01   0.130988E-01   0.110440E-01   0.871759E-02   0.629652E-02
   0.363614E-02   0.585727E-03  -0.244960E-02  -0.465044E-02  -0.532543E-02
  -0.389942E-02  -0.337387E-03   0.446192E-02   0.936965E-02   0.135712E-01
   0.164385E-01   0.173096E-01   0.155645E-01   0.113347E-01   0.575587E-02
   0.465186E-03  -0.323466E-02  -0.511793E-02  -0.552305E-02  -0.511473E-02
  -0.477673E-02  -0.502709E-02  -0.573515E-02  -0.612655E-02  -0.532542E-02
  -0.331760E-02  -0.887073E-03   0.967074E-03   0.145463E-02   0.304827E-03
  -0.214398E-02  -0.523427E-02  -0.837394E-02  -0.113678E-01  -0.140847E-01
  -0.156194E-01  -0.143322E-01  -0.932685E-02  -0.135284E-02   0.736104E-02
   0.137503E-01   0.155901E-01   0.126147E-01   0.642004E-02  -0.440393E-03
  -0.521644E-02  -0.668719E-02  -0.549163E-02  -0.275826E-02   0.108156E-02
   0.578313E-02   0.105412E-01   0.140986E-01   0.153556E-01   0.136722E-01
   0.931803E-02   0.361205E-02  -0.147671E-02  -0.395630E-02  -0.278875E-02
   0.143566E-02   0.638018E-02   0.918005E-02   0.796758E-02   0.266254E-02
  -0.504577E-02  -0.125527E-01  -0.174697E-01  -0.182209E-01  -0.143545E-01
  -0.689953E-02   0.188308E-02   0.928863E-02   0.131079E-01   0.121084E-01
   0.632126E-02  -0.264467E-02  -0.124196E-01  -0.199344E-01  -0.224989E-01
  -0.192216E-01  -0.110349E-01   0.112605E-04   0.116801E-01   0.216752E-01
   0.282317E-01   0.305309E-01   0.286076E-01   0.236053E-01   0.172914E-01
   0.111574E-01   0.659339E-02   0.502243E-02   0.661214E-02   0.971075E-02
   0.119100E-01   0.112245E-01   0.716591E-02   0.929092E-03  -0.547150E-02
  -0.103856E-01  -0.132608E-01  -0.145856E-01  -0.151801E-01  -0.151944E-01
  -0.140849E-01  -0.116293E-01  -0.812107E-02  -0.407998E-02  -0.222958E-03
   0.271606E-02   0.412715E-02   0.346479E-02   0.898454E-03  -0.202100E-02
  -0.330461E-02  -0.228628E-02   0.264083E-03   0.316205E-02   0.556435E-02
   0.725272E-02   0.824268E-02   0.859891E-02   0.857713E-02   0.797131E-02
   0.592994E-02   0.190323E-02  -0.349071E-02  -0.917609E-02  -0.144028E-01
  -0.188019E-01  -0.220589E-01  -0.236236E-01  -0.227270E-01  -0.184151E-01
  -0.104767E-01  -0.509329E-03   0.853316E-02   0.136961E-01   0.138667E-01
   0.103292E-01   0.598714E-02   0.390987E-02   0.541606E-02   0.946911E-02
   0.135207E-01   0.149800E-01   0.128861E-01   0.860114E-02   0.413090E-02
   0.621909E-03  -0.182829E-02  -0.354409E-02  -0.447603E-02  -0.450701E-02
  -0.399106E-02  -0.312808E-02  -0.155355E-02   0.645142E-03   0.239337E-02
   0.260459E-02   0.982804E-03  -0.179235E-02  -0.448875E-02  -0.590342E-02
  -0.534069E-02  -0.307476E-02  -0.253850E-03   0.217351E-02   0.390498E-02
   0.547039E-02   0.750728E-02   0.989261E-02   0.117274E-01   0.118977E-01
   0.969176E-02   0.537519E-02   0.365047E-03  -0.335653E-02  -0.398324E-02
  -0.954314E-03   0.451217E-02   0.100211E-01   0.130713E-01   0.120673E-01
   0.671549E-02  -0.253258E-02  -0.145561E-01  -0.270667E-01  -0.373132E-01
  -0.431364E-01  -0.435137E-01  -0.385567E-01  -0.294358E-01  -0.179603E-01
  -0.615459E-02   0.354846E-02   0.850562E-02   0.726730E-02   0.602360E-03
  -0.863002E-02  -0.164424E-01  -0.192282E-01  -0.152583E-01  -0.542923E-02
   0.691353E-02   0.173653E-01   0.229198E-01   0.233978E-01   0.208437E-01
   0.178223E-01   0.160368E-01   0.160121E-01   0.176067E-01   0.203008E-01
   0.235209E-01   0.268719E-01   0.300853E-01   0.328771E-01   0.344336E-01
   0.337322E-01   0.298494E-01   0.221700E-01   0.111660E-01  -0.148846E-02
  -0.126534E-01  -0.183841E-01  -0.166196E-01  -0.837540E-02   0.311919E-02
   0.139249E-01   0.208664E-01   0.225419E-01   0.198520E-01   0.152320E-01
   0.109512E-01   0.818635E-02   0.679701E-02   0.601272E-02   0.537454E-02
   0.501531E-02   0.546635E-02   0.746858E-02   0.113839E-01   0.168635E-01
   0.229378E-01   0.283732E-01   0.319130E-01   0.324521E-01   0.300611E-01
   0.262444E-01   0.229875E-01   0.221125E-01   0.239827E-01   0.276887E-01
   0.318277E-01   0.347807E-01   0.355458E-01   0.337995E-01   0.296064E-01
   0.228257E-01   0.130540E-01  -0.593542E-04  -0.160228E-01  -0.333509E-01
  -0.503116E-01  -0.650300E-01  -0.759223E-01  -0.824166E-01  -0.850554E-01
  -0.849877E-01  -0.836604E-01  -0.823148E-01  -0.816506E-01  -0.819358E-01
  -0.827137E-01  -0.827668E-01  -0.804856E-01  -0.744886E-01  -0.642835E-01
  -0.507565E-01  -0.359135E-01  -0.219369E-01  -0.104657E-01  -0.212413E-02
   0.362919E-02   0.823229E-02   0.131518E-01   0.193251E-01   0.271032E-01
   0.364705E-01   0.471377E-01   0.585603E-01   0.698484E-01   0.793880E-01
   0.854053E-01   0.867012E-01   0.829399E-01   0.749885E-01   0.647799E-01
   0.546770E-01   0.466794E-01   0.420648E-01   0.408275E-01   0.420402E-01
   0.443585E-01   0.458434E-01   0.450708E-01   0.415968E-01   0.360183E-01
   0.297265E-01   0.240216E-01   0.198391E-01   0.177966E-01   0.177750E-01
   0.188716E-01   0.198787E-01   0.198276E-01   0.177676E-01   0.127311E-01
   0.427241E-02  -0.722708E-02  -0.202370E-01  -0.327101E-01  -0.426455E-01
  -0.486263E-01  -0.506598E-01  -0.501059E-01  -0.490490E-01  -0.496627E-01
  -0.535104E-01  -0.610512E-01  -0.717592E-01  -0.843504E-01  -0.972703E-01
  -0.109025E+00  -0.118206E+00  -0.123291E+00  -0.123476E+00  -0.119317E+00
  -0.112793E+00  -0.106970E+00  -0.104842E+00  -0.107836E+00  -0.115362E+00
  -0.125057E+00  -0.133180E+00  -0.135373E+00  -0.128599E+00  -0.112627E+00
  -0.901019E-01  -0.662107E-01  -0.472605E-01  -0.383156E-01  -0.417729E-01
  -0.564817E-01  -0.779947E-01  -0.997579E-01  -0.115516E+00  -0.121866E+00
  -0.119013E+00  -0.109529E+00  -0.965069E-01  -0.827230E-01  -0.695801E-01
  -0.564347E-01  -0.419218E-01  -0.255957E-01  -0.820542E-02   0.850043E-02
   0.224360E-01   0.322326E-01   0.382142E-01   0.424159E-01   0.476739E-01
   0.567597E-01   0.712976E-01   0.907349E-01   0.112889E+00   0.134529E+00
   0.152044E+00   0.162642E+00   0.165664E+00   0.162688E+00   0.156623E+00
   0.150715E+00   0.147704E+00   0.148872E+00   0.154317E+00   0.162983E+00
   0.172140E+00   0.177933E+00   0.177012E+00   0.168211E+00   0.152327E+00
   0.130887E+00   0.105045E+00   0.758053E-01   0.448690E-01   0.149539E-01
  -0.104918E-01  -0.278148E-01  -0.338639E-01  -0.278206E-01  -0.124571E-01
   0.622601E-02   0.207009E-01   0.239687E-01   0.120239E-01  -0.147980E-01
  -0.522477E-01  -0.936912E-01  -0.132173E+00  -0.161980E+00  -0.179545E+00
  -0.183941E+00  -0.176780E+00  -0.161058E+00  -0.139732E+00  -0.115845E+00
  -0.924615E-01  -0.715708E-01  -0.538725E-01  -0.393552E-01  -0.281552E-01
  -0.203343E-01  -0.156201E-01  -0.130005E-01  -0.105568E-01  -0.549219E-02
   0.499402E-02   0.227002E-01   0.475775E-01   0.771642E-01   0.107017E+00
   0.132189E+00   0.148873E+00   0.155678E+00   0.153799E+00   0.146000E+00
   0.135795E+00   0.126407E+00   0.119379E+00   0.114606E+00   0.111043E+00
   0.107077E+00   0.101171E+00   0.930471E-01   0.839276E-01   0.756210E-01
   0.705403E-01   0.705365E-01   0.757587E-01   0.847771E-01   0.951659E-01
   0.104339E+00   0.110420E+00   0.112009E+00   0.107408E+00   0.941393E-01
   0.700626E-01   0.352317E-01  -0.737622E-02  -0.532126E-01  -0.975981E-01
  -0.136288E+00  -0.165773E+00  -0.183744E+00  -0.189465E+00  -0.183500E+00
  -0.167084E+00  -0.142228E+00  -0.111925E+00  -0.794418E-01  -0.481226E-01
  -0.220209E-01  -0.500965E-02   0.109353E-02  -0.257111E-02  -0.116829E-01
  -0.202620E-01  -0.229711E-01  -0.170365E-01  -0.284672E-02   0.163620E-01
   0.356518E-01   0.500004E-01   0.562096E-01   0.538089E-01   0.447320E-01
   0.321005E-01   0.189313E-01   0.775584E-02  -0.126941E-03  -0.499701E-02
  -0.802016E-02  -0.100267E-01  -0.109604E-01  -0.102387E-01  -0.739260E-02
  -0.210220E-02   0.598834E-02   0.168943E-01   0.298676E-01   0.432455E-01
   0.542767E-01   0.597910E-01   0.577331E-01   0.485916E-01   0.353527E-01
   0.218653E-01   0.112690E-01   0.586149E-02   0.701876E-02   0.146104E-01
   0.277016E-01   0.446867E-01   0.632236E-01   0.810341E-01   0.964366E-01
   0.108089E+00   0.114971E+00   0.115928E+00   0.109157E+00   0.930469E-01
   0.677707E-01   0.361373E-01   0.327099E-02  -0.244587E-01  -0.412033E-01
  -0.434402E-01  -0.312632E-01  -0.874104E-02   0.170788E-01   0.382264E-01
   0.482740E-01   0.439658E-01   0.253506E-01  -0.427268E-02  -0.391624E-01
  -0.733852E-01  -0.102238E+00  -0.122289E+00  -0.130658E+00  -0.124827E+00
  -0.103622E+00  -0.687928E-01  -0.253479E-01   0.198331E-01   0.591979E-01
   0.858914E-01   0.952699E-01   0.863793E-01   0.627726E-01   0.315942E-01
   0.198655E-02  -0.179722E-01  -0.237088E-01  -0.147638E-01   0.542748E-02
   0.305240E-01   0.533105E-01   0.680195E-01   0.715965E-01   0.638236E-01
   0.468020E-01   0.240697E-01  -0.640935E-03  -0.243859E-01  -0.451458E-01
  -0.614643E-01  -0.723334E-01  -0.770812E-01  -0.753478E-01  -0.672406E-01
  -0.536127E-01  -0.361760E-01  -0.176892E-01  -0.127401E-02   0.106200E-01
   0.164076E-01   0.154571E-01   0.849367E-02  -0.248674E-02  -0.147642E-01
  -0.257029E-01  -0.331915E-01  -0.359690E-01  -0.339412E-01  -0.282698E-01
  -0.213327E-01  -0.157647E-01  -0.141590E-01  -0.188242E-01  -0.306371E-01
  -0.485122E-01  -0.703960E-01  -0.939878E-01  -0.116620E+00  -0.136071E+00
  -0.151208E+00  -0.161892E+00  -0.168990E+00  -0.174154E+00  -0.179069E+00
  -0.184711E+00  -0.191158E+00  -0.197938E+00  -0.204329E+00  -0.209156E+00
  -0.210981E+00  -0.208395E+00  -0.200229E+00  -0.186152E+00  -0.167035E+00
  -0.145247E+00  -0.124207E+00  -0.107225E+00  -0.968624E-01  -0.944874E-01
  -0.996172E-01  -0.109745E+00  -0.121273E+00  -0.130585E+00  -0.134173E+00
  -0.129080E+00  -0.113963E+00  -0.892590E-01  -0.569746E-01  -0.205186E-01
   0.162396E-01   0.501569E-01   0.793334E-01   0.102935E+00   0.121149E+00
   0.135130E+00   0.146387E+00   0.156362E+00   0.166460E+00   0.177504E+00
   0.189467E+00   0.201936E+00   0.214239E+00   0.225488E+00   0.234783E+00
   0.241042E+00   0.243233E+00   0.241217E+00   0.235604E+00   0.227531E+00
   0.218728E+00   0.211030E+00   0.204719E+00   0.197660E+00   0.186548E+00
   0.168603E+00   0.143033E+00   0.112097E+00   0.803354E-01   0.525262E-01
   0.317272E-01   0.184499E-01   0.109585E-01   0.604707E-02   0.305128E-03
  -0.865960E-02  -0.216585E-01  -0.378655E-01  -0.552881E-01  -0.714752E-01
  -0.840869E-01  -0.915886E-01  -0.935626E-01  -0.907806E-01  -0.849090E-01
  -0.781377E-01  -0.721912E-01  -0.676513E-01  -0.644651E-01  -0.623981E-01
  -0.609397E-01  -0.596968E-01  -0.588703E-01  -0.585007E-01  -0.586050E-01
  -0.592810E-01  -0.604649E-01  -0.617029E-01  -0.624811E-01  -0.620651E-01
  -0.592158E-01  -0.529854E-01  -0.437184E-01  -0.329693E-01  -0.227352E-01
  -0.148586E-01  -0.108983E-01  -0.114107E-01  -0.155285E-01  -0.215627E-01
  -0.275618E-01  -0.316614E-01  -0.321474E-01  -0.278052E-01  -0.185648E-01
  -0.568883E-02   0.900180E-02   0.238578E-01   0.375935E-01   0.498002E-01
   0.606679E-01   0.707203E-01   0.807865E-01   0.911788E-01   0.101248E+00
   0.109452E+00   0.113864E+00   0.112737E+00   0.104992E+00   0.909544E-01
   0.726545E-01   0.530031E-01   0.344777E-01   0.188767E-01   0.724749E-02
  -0.467943E-03  -0.560103E-02  -0.997721E-02  -0.153000E-01  -0.224107E-01
  -0.309093E-01  -0.393378E-01  -0.457696E-01  -0.485853E-01  -0.470033E-01
  -0.417035E-01  -0.347171E-01  -0.286320E-01  -0.255336E-01  -0.265625E-01
  -0.315708E-01  -0.391443E-01  -0.465621E-01  -0.508471E-01  -0.501533E-01
  -0.440464E-01  -0.329231E-01  -0.179608E-01  -0.676341E-03   0.170121E-01
   0.332175E-01   0.463029E-01   0.545102E-01   0.568808E-01   0.536930E-01
   0.464298E-01   0.376991E-01   0.301081E-01   0.248774E-01   0.213818E-01
   0.180332E-01   0.133031E-01   0.611453E-02  -0.343032E-02  -0.138914E-01
  -0.233707E-01  -0.302643E-01  -0.335891E-01  -0.335601E-01  -0.314340E-01
  -0.283312E-01  -0.242615E-01  -0.186597E-01  -0.108956E-01  -0.724230E-03
   0.113480E-01   0.244572E-01   0.373260E-01   0.483109E-01   0.560615E-01
   0.601439E-01   0.610259E-01   0.597157E-01   0.579436E-01   0.577532E-01
   0.604872E-01   0.665653E-01   0.754462E-01   0.858779E-01   0.963812E-01
   0.105356E+00   0.111702E+00   0.114804E+00   0.114445E+00   0.110690E+00
   0.103539E+00   0.927657E-01   0.782903E-01   0.604129E-01   0.403827E-01
   0.207007E-01   0.452120E-02  -0.527241E-02  -0.749001E-02  -0.381985E-02
   0.176957E-02   0.470222E-02   0.981782E-03  -0.115292E-01  -0.322669E-01
  -0.583120E-01  -0.852239E-01  -0.108236E+00  -0.123504E+00  -0.129216E+00
  -0.126250E+00  -0.117691E+00  -0.107443E+00  -0.990467E-01  -0.945977E-01
  -0.943453E-01  -0.970681E-01  -0.100439E+00  -0.101755E+00  -0.991364E-01
  -0.919447E-01  -0.810320E-01  -0.685085E-01  -0.567815E-01  -0.482555E-01
  -0.447050E-01  -0.461239E-01  -0.511568E-01  -0.577533E-01  -0.635693E-01
  -0.662525E-01  -0.642506E-01  -0.572355E-01  -0.460928E-01  -0.322739E-01
  -0.176625E-01  -0.443211E-02   0.580668E-02   0.123491E-01   0.151490E-01
   0.145725E-01   0.111788E-01   0.577333E-02  -0.820274E-03  -0.796294E-02
  -0.149411E-01  -0.209416E-01  -0.252212E-01  -0.272080E-01  -0.265747E-01
  -0.237841E-01  -0.198625E-01  -0.159637E-01  -0.130652E-01  -0.117891E-01
  -0.121859E-01  -0.132249E-01  -0.138321E-01  -0.135986E-01  -0.121337E-01
  -0.916731E-02  -0.518696E-02  -0.158183E-02   0.565135E-04  -0.947903E-03
  -0.413201E-02  -0.799920E-02  -0.102789E-01  -0.877529E-02  -0.232094E-02
   0.893027E-02   0.235700E-01   0.393123E-01   0.532608E-01   0.629028E-01
   0.667659E-01   0.644969E-01   0.570948E-01   0.467540E-01   0.361455E-01
   0.278926E-01   0.242381E-01   0.264239E-01   0.341997E-01   0.457695E-01
   0.583678E-01   0.691396E-01   0.762424E-01   0.790316E-01   0.778936E-01
   0.743100E-01   0.702951E-01   0.672640E-01   0.657178E-01   0.657144E-01
   0.669412E-01   0.690931E-01   0.719597E-01   0.753353E-01   0.789710E-01
   0.824733E-01   0.848697E-01   0.846547E-01   0.799932E-01   0.695011E-01
   0.529841E-01   0.314498E-01   0.735475E-02  -0.161459E-01  -0.363369E-01
  -0.514925E-01  -0.608785E-01  -0.645194E-01  -0.632583E-01  -0.586960E-01
  -0.530034E-01  -0.481064E-01  -0.446613E-01  -0.420843E-01  -0.394189E-01
  -0.358788E-01  -0.308780E-01  -0.243706E-01  -0.170096E-01  -0.997389E-02
  -0.425486E-02  -0.364816E-03   0.156171E-02   0.149934E-02  -0.487960E-03
  -0.385387E-02  -0.754298E-02  -0.104163E-01  -0.113029E-01  -0.924217E-02
  -0.390277E-02   0.395034E-02   0.122281E-01   0.179634E-01   0.180092E-01
   0.102585E-01  -0.521120E-02  -0.256845E-01  -0.466581E-01  -0.633708E-01
  -0.721939E-01  -0.715675E-01  -0.624699E-01  -0.481911E-01  -0.330922E-01
  -0.215930E-01  -0.167860E-01  -0.191307E-01  -0.268873E-01  -0.368508E-01
  -0.450493E-01  -0.481164E-01  -0.448290E-01  -0.362114E-01  -0.248387E-01
  -0.140822E-01  -0.699392E-02  -0.521179E-02  -0.853913E-02  -0.149964E-01
  -0.215507E-01  -0.254064E-01  -0.249854E-01  -0.202655E-01  -0.126845E-01
  -0.466227E-02   0.145788E-02   0.426653E-02   0.389879E-02   0.172011E-02
  -0.265008E-03  -0.527372E-03   0.155023E-02   0.528945E-02   0.882251E-02
   0.101161E-01   0.791463E-02   0.258069E-02  -0.424984E-02  -0.105380E-01
  -0.143193E-01  -0.141739E-01  -0.949237E-02  -0.656238E-03   0.114115E-01
   0.255835E-01   0.404677E-01   0.542033E-01   0.645523E-01   0.695473E-01
   0.681185E-01   0.606601E-01   0.495781E-01   0.388496E-01   0.322196E-01
   0.316852E-01   0.373514E-01   0.475718E-01   0.593873E-01   0.689780E-01
   0.729955E-01   0.699999E-01   0.603402E-01   0.457777E-01   0.294625E-01
   0.149569E-01   0.472423E-02  -0.701592E-04   0.644428E-03   0.552409E-02
   0.121469E-01   0.181467E-01   0.221088E-01   0.233155E-01   0.218995E-01
   0.187339E-01   0.145079E-01   0.952623E-02   0.395162E-02  -0.200822E-02
  -0.803865E-02  -0.137687E-01  -0.188982E-01  -0.231126E-01  -0.262644E-01
  -0.285842E-01  -0.300587E-01  -0.301427E-01  -0.285858E-01  -0.256650E-01
  -0.218935E-01  -0.179607E-01  -0.143291E-01  -0.112196E-01  -0.890710E-02
  -0.734555E-02  -0.608366E-02  -0.501139E-02  -0.469566E-02  -0.582551E-02
  -0.844460E-02  -0.118049E-01  -0.148292E-01  -0.163030E-01  -0.154864E-01
  -0.127061E-01  -0.876993E-02  -0.466563E-02  -0.163483E-02  -0.600735E-03
  -0.195477E-02  -0.575879E-02  -0.111990E-01  -0.167627E-01  -0.213758E-01
  -0.245259E-01  -0.257931E-01  -0.248958E-01  -0.221785E-01  -0.184030E-01
  -0.143020E-01  -0.106180E-01  -0.820314E-02  -0.775024E-02  -0.945554E-02
  -0.127136E-01  -0.166446E-01  -0.206665E-01  -0.242737E-01  -0.265843E-01
  -0.266726E-01  -0.240414E-01  -0.189733E-01  -0.127041E-01  -0.652203E-02
  -0.109326E-02   0.314375E-02   0.613112E-02   0.813215E-02   0.947483E-02
   0.104509E-01   0.113150E-01   0.121800E-01   0.130526E-01   0.141701E-01
   0.159535E-01   0.187057E-01   0.225188E-01   0.269396E-01   0.306894E-01
   0.318973E-01   0.290937E-01   0.216143E-01   0.975464E-02  -0.482880E-02
  -0.195632E-01  -0.319998E-01  -0.405600E-01  -0.450223E-01  -0.461238E-01
  -0.451115E-01  -0.432386E-01  -0.415273E-01  -0.404799E-01  -0.396751E-01
  -0.383456E-01  -0.364096E-01  -0.342520E-01  -0.321120E-01  -0.305536E-01
  -0.298219E-01  -0.295441E-01  -0.287760E-01  -0.265389E-01  -0.222712E-01
  -0.159517E-01  -0.783017E-02   0.180554E-02   0.126396E-01   0.239872E-01
   0.346325E-01   0.432743E-01   0.491762E-01   0.521702E-01   0.523898E-01
   0.504640E-01   0.472572E-01   0.435517E-01   0.398532E-01   0.363830E-01
   0.333911E-01   0.309551E-01   0.285472E-01   0.255236E-01   0.219666E-01
   0.179786E-01   0.133771E-01   0.819252E-02   0.316162E-02  -0.543474E-03
  -0.236479E-02  -0.255749E-02  -0.147131E-02   0.398305E-03   0.245123E-02
   0.381032E-02   0.345288E-02   0.927558E-03  -0.360282E-02  -0.946741E-02
  -0.152953E-01  -0.192848E-01  -0.199814E-01  -0.171702E-01  -0.122295E-01
  -0.756707E-02  -0.564098E-02  -0.774730E-02  -0.136513E-01  -0.218413E-01
  -0.299621E-01  -0.358373E-01  -0.382258E-01  -0.370631E-01  -0.334043E-01
  -0.291492E-01  -0.264027E-01  -0.266612E-01  -0.301676E-01  -0.360262E-01
  -0.424985E-01  -0.474964E-01  -0.491330E-01  -0.462025E-01  -0.388368E-01
  -0.289452E-01  -0.195924E-01  -0.133818E-01  -0.120106E-01  -0.163214E-01
  -0.252504E-01  -0.362247E-01  -0.463288E-01  -0.529830E-01  -0.542539E-01
  -0.495036E-01  -0.397464E-01  -0.273782E-01  -0.153463E-01  -0.605981E-02
  -0.946213E-03  -0.535348E-03  -0.431963E-02  -0.104810E-01  -0.166210E-01
  -0.210945E-01  -0.235402E-01  -0.241281E-01  -0.233466E-01  -0.219970E-01
  -0.204508E-01  -0.182973E-01  -0.144742E-01  -0.795978E-02   0.110657E-02
   0.110815E-01   0.193975E-01   0.237901E-01   0.230544E-01   0.170372E-01
   0.723687E-02  -0.350138E-02  -0.121234E-01  -0.160098E-01  -0.137545E-01
  -0.570310E-02   0.664977E-02   0.212594E-01   0.355317E-01   0.470271E-01
   0.541655E-01   0.560261E-01   0.523138E-01   0.439613E-01   0.336065E-01
   0.236785E-01   0.154982E-01   0.975412E-02   0.667274E-02   0.574634E-02
   0.592717E-02   0.637894E-02   0.688303E-02   0.750665E-02   0.827712E-02
   0.893336E-02   0.859968E-02   0.613763E-02   0.938322E-03  -0.642336E-02
  -0.143970E-01  -0.208569E-01  -0.236938E-01  -0.216715E-01  -0.146708E-01
  -0.399390E-02   0.812270E-02   0.193934E-01   0.280040E-01   0.329178E-01
   0.341800E-01   0.325202E-01   0.289943E-01   0.248503E-01   0.213420E-01
   0.196501E-01   0.204935E-01   0.240992E-01   0.301029E-01   0.375357E-01
   0.451598E-01   0.517192E-01   0.560723E-01   0.577250E-01   0.569453E-01
   0.543089E-01   0.505085E-01   0.463057E-01   0.424628E-01   0.394007E-01
   0.372343E-01   0.361990E-01   0.363448E-01   0.375099E-01   0.395532E-01
   0.422913E-01   0.455632E-01   0.488941E-01   0.519060E-01   0.544467E-01
   0.563122E-01   0.572479E-01   0.570633E-01   0.555624E-01   0.526090E-01
   0.483825E-01   0.433478E-01   0.379427E-01   0.328795E-01   0.292069E-01
   0.276280E-01   0.283459E-01   0.311687E-01   0.351567E-01   0.385179E-01
   0.391456E-01   0.354230E-01   0.270526E-01   0.152755E-01   0.211111E-02
  -0.101114E-01  -0.189615E-01  -0.233474E-01  -0.237964E-01  -0.218245E-01
  -0.192034E-01  -0.172692E-01  -0.166554E-01  -0.175735E-01  -0.198529E-01
  -0.226740E-01  -0.251480E-01  -0.268235E-01  -0.273326E-01  -0.262069E-01
  -0.233059E-01  -0.189415E-01  -0.141686E-01  -0.104263E-01  -0.879372E-02
  -0.978886E-02  -0.131599E-01  -0.178089E-01  -0.219977E-01  -0.238763E-01
  -0.222662E-01  -0.173174E-01  -0.989478E-02  -0.133836E-02   0.662904E-02
   0.125171E-01   0.156127E-01   0.157610E-01   0.132560E-01   0.889232E-02
   0.383712E-02  -0.902710E-03  -0.454531E-02  -0.667026E-02  -0.725841E-02
  -0.674532E-02  -0.584314E-02  -0.530663E-02  -0.584260E-02  -0.771333E-02
  -0.109871E-01  -0.154192E-01  -0.202837E-01  -0.247178E-01  -0.280267E-01
  -0.299232E-01  -0.306396E-01  -0.307582E-01  -0.311104E-01  -0.326166E-01
  -0.357149E-01  -0.402391E-01  -0.453324E-01  -0.497814E-01  -0.522249E-01
  -0.517657E-01  -0.482544E-01  -0.423323E-01  -0.355232E-01  -0.299482E-01
  -0.272842E-01  -0.279556E-01  -0.315237E-01  -0.365167E-01  -0.402127E-01
  -0.397624E-01  -0.337357E-01  -0.225558E-01  -0.834562E-02   0.592751E-02
   0.173823E-01   0.241744E-01   0.255903E-01   0.227923E-01   0.182961E-01
   0.143776E-01   0.123119E-01   0.120560E-01   0.125786E-01   0.126632E-01
   0.114995E-01   0.909897E-02   0.639589E-02   0.483949E-02   0.551061E-02
   0.837929E-02   0.125205E-01   0.165163E-01   0.186765E-01   0.179416E-01
   0.141797E-01   0.822693E-02   0.184640E-02  -0.266326E-02  -0.351929E-02
  -0.201618E-03   0.630725E-02   0.139093E-01   0.199089E-01   0.218773E-01
   0.186353E-01   0.109359E-01   0.853147E-03  -0.912173E-02  -0.167322E-01
  -0.209050E-01  -0.221283E-01  -0.217762E-01  -0.209406E-01  -0.203887E-01
  -0.205206E-01  -0.211340E-01  -0.217219E-01  -0.217192E-01  -0.208285E-01
  -0.191535E-01  -0.168111E-01  -0.138405E-01  -0.104215E-01  -0.686288E-02
  -0.364165E-02  -0.115769E-02   0.761070E-03   0.249075E-02   0.403157E-02
   0.515238E-02   0.586393E-02   0.625791E-02   0.648306E-02   0.672761E-02
   0.699636E-02   0.718902E-02   0.695112E-02   0.572851E-02   0.314120E-02
  -0.445241E-03  -0.398740E-02  -0.636253E-02  -0.657935E-02  -0.426023E-02
  -0.156978E-03   0.419968E-02   0.742236E-02   0.835873E-02   0.660704E-02
   0.300705E-02  -0.836136E-03  -0.334988E-02  -0.319562E-02   0.273123E-03
   0.631507E-02   0.129592E-01   0.178836E-01   0.191453E-01   0.158369E-01
   0.852377E-02  -0.969451E-03  -0.102948E-01  -0.175146E-01  -0.214603E-01
  -0.216146E-01  -0.186090E-01  -0.140288E-01  -0.949059E-02  -0.596272E-02
  -0.398373E-02  -0.361204E-02  -0.467115E-02  -0.696905E-02  -0.100629E-01
  -0.132643E-01  -0.158045E-01  -0.169160E-01  -0.158293E-01  -0.120423E-01
  -0.607204E-02   0.727919E-03   0.672451E-02   0.104307E-01   0.110242E-01
   0.841244E-02   0.342697E-02  -0.224634E-02  -0.689375E-02  -0.942400E-02
  -0.974274E-02  -0.810489E-02  -0.507917E-02  -0.162412E-02   0.155638E-02
   0.430372E-02   0.688497E-02   0.968543E-02   0.131983E-01   0.176905E-01
   0.230068E-01   0.285751E-01   0.335810E-01   0.372732E-01   0.394595E-01
   0.400228E-01   0.390266E-01   0.370695E-01   0.348330E-01   0.329196E-01
   0.314767E-01   0.305300E-01   0.301651E-01   0.303675E-01   0.308443E-01
   0.309285E-01   0.301923E-01   0.286973E-01   0.267231E-01   0.246160E-01
   0.225406E-01   0.204570E-01   0.182216E-01   0.156874E-01   0.127335E-01
   0.933136E-02   0.573686E-02   0.229635E-02  -0.503680E-03  -0.248823E-02
  -0.379360E-02  -0.434535E-02  -0.402642E-02  -0.292964E-02  -0.779068E-03
   0.221790E-02   0.515028E-02   0.720928E-02   0.788406E-02   0.695523E-02
   0.455685E-02   0.109425E-02  -0.288157E-02  -0.660893E-02  -0.940188E-02
  -0.110091E-01  -0.116983E-01  -0.118643E-01  -0.117642E-01  -0.115133E-01
  -0.112847E-01  -0.113828E-01  -0.120099E-01  -0.134083E-01  -0.158360E-01
  -0.190037E-01  -0.222642E-01  -0.248973E-01  -0.261715E-01  -0.257598E-01
  -0.237671E-01  -0.207514E-01  -0.176503E-01  -0.153484E-01  -0.145160E-01
  -0.154949E-01  -0.180736E-01  -0.215536E-01  -0.248019E-01  -0.263759E-01
  -0.251966E-01  -0.209549E-01  -0.139184E-01  -0.521108E-02   0.343260E-02
   0.100111E-01   0.130905E-01   0.120858E-01   0.722308E-02  -0.465742E-03
  -0.929825E-02  -0.174534E-01  -0.235245E-01  -0.269632E-01  -0.276857E-01
  -0.261355E-01  -0.236475E-01  -0.216215E-01  -0.211401E-01  -0.226796E-01
  -0.261375E-01  -0.309275E-01  -0.362041E-01  -0.411844E-01  -0.453719E-01
  -0.486775E-01  -0.511104E-01  -0.527729E-01  -0.536443E-01  -0.538124E-01
  -0.532163E-01  -0.516190E-01  -0.489202E-01  -0.449079E-01  -0.396123E-01
  -0.334096E-01  -0.267482E-01  -0.201923E-01  -0.145636E-01  -0.108447E-01
  -0.947726E-02  -0.102291E-01  -0.124663E-01  -0.150830E-01  -0.166632E-01
  -0.159058E-01  -0.120103E-01  -0.503889E-02   0.407039E-02   0.137923E-01
   0.222681E-01   0.278117E-01   0.297605E-01   0.291248E-01   0.274280E-01
   0.261457E-01   0.263706E-01   0.285882E-01   0.325955E-01   0.371964E-01
   0.408721E-01   0.426114E-01   0.420020E-01   0.392997E-01   0.353738E-01
   0.311903E-01   0.274077E-01   0.242307E-01   0.214440E-01   0.185211E-01
   0.149462E-01   0.105404E-01   0.546595E-02   0.966193E-04  -0.494465E-02
  -0.867236E-02  -0.999624E-02  -0.832954E-02  -0.383692E-02   0.289433E-02
   0.108551E-01   0.186106E-01   0.247967E-01   0.284092E-01   0.289989E-01
   0.265159E-01   0.217477E-01   0.162648E-01   0.118547E-01   0.100411E-01
   0.114431E-01   0.162824E-01   0.238536E-01   0.321302E-01   0.390329E-01
   0.428837E-01   0.425400E-01   0.375735E-01   0.284575E-01   0.170518E-01
   0.603569E-02  -0.221274E-02  -0.637975E-02  -0.620090E-02  -0.232926E-02
   0.380123E-02   0.102299E-01   0.150787E-01   0.171210E-01   0.158998E-01
   0.120218E-01   0.689951E-02   0.188998E-02  -0.190396E-02  -0.365882E-02
  -0.335945E-02  -0.172104E-02   0.163550E-03   0.916976E-03  -0.192330E-03
  -0.256046E-02  -0.507108E-02  -0.684884E-02  -0.716026E-02  -0.560401E-02
  -0.239128E-02   0.170644E-02   0.575915E-02   0.878482E-02   0.102915E-01
   0.105402E-01   0.981909E-02   0.822722E-02   0.599169E-02   0.379678E-02
   0.238783E-02   0.201921E-02   0.278869E-02   0.474607E-02   0.756295E-02
   0.104579E-01   0.121961E-01   0.115310E-01   0.791443E-02   0.180388E-02
  -0.576027E-02  -0.133577E-01  -0.191384E-01  -0.219927E-01  -0.220194E-01
  -0.198839E-01  -0.164924E-01  -0.130369E-01  -0.105193E-01  -0.945217E-02
  -0.978335E-02  -0.112292E-01  -0.136650E-01  -0.165229E-01  -0.186290E-01
  -0.189392E-01  -0.168576E-01  -0.122485E-01  -0.570136E-02   0.154568E-02
   0.765597E-02   0.107923E-01   0.101170E-01   0.605292E-02  -0.127797E-03
  -0.657252E-02  -0.112849E-01  -0.128691E-01  -0.109324E-01  -0.618766E-02
  -0.158407E-03   0.566000E-02   0.101394E-01   0.124704E-01   0.121062E-01
   0.938763E-02   0.569526E-02   0.241311E-02   0.627764E-03   0.113342E-02
   0.409556E-02   0.891277E-02   0.141344E-01   0.177869E-01   0.187324E-01
   0.170023E-01   0.131643E-01   0.821124E-02   0.346601E-02  -0.778622E-04
  -0.209203E-02  -0.304865E-02  -0.394687E-02  -0.577832E-02  -0.908916E-02
  -0.141214E-01  -0.207696E-01  -0.281375E-01  -0.349010E-01  -0.398849E-01
  -0.423813E-01  -0.420639E-01  -0.390554E-01  -0.339530E-01  -0.280721E-01
  -0.229958E-01  -0.197984E-01  -0.188670E-01  -0.199139E-01  -0.221613E-01
  -0.243945E-01  -0.253019E-01  -0.240647E-01  -0.207304E-01  -0.159191E-01
  -0.102288E-01  -0.441546E-02   0.649535E-03   0.431532E-02   0.658227E-02
   0.735276E-02   0.655091E-02   0.458209E-02   0.237766E-02   0.666332E-03
  -0.320937E-03  -0.234442E-03   0.112634E-02   0.327280E-02   0.524428E-02
   0.633270E-02   0.627135E-02   0.527253E-02   0.380213E-02   0.229787E-02
   0.140410E-02   0.116384E-02   0.104469E-02   0.508354E-03  -0.579211E-03
  -0.204605E-02  -0.357780E-02  -0.465975E-02  -0.463222E-02  -0.302673E-02
   0.117429E-03   0.445525E-02   0.928384E-02   0.136660E-01   0.169050E-01
   0.186879E-01   0.190934E-01   0.187428E-01   0.180418E-01   0.172823E-01
   0.169977E-01   0.175450E-01   0.188511E-01   0.206461E-01   0.224696E-01
   0.238308E-01   0.245556E-01   0.245597E-01   0.237930E-01   0.224046E-01
   0.205585E-01   0.183452E-01   0.158750E-01   0.131890E-01   0.102877E-01
   0.743210E-02   0.499252E-02   0.321174E-02   0.219244E-02   0.199532E-02
   0.242644E-02   0.278466E-02   0.248022E-02   0.140125E-02  -0.594434E-03
  -0.373663E-02  -0.769920E-02  -0.115816E-01  -0.144363E-01  -0.160472E-01
  -0.164931E-01  -0.157485E-01  -0.139264E-01  -0.114708E-01  -0.920502E-02
  -0.782196E-02  -0.751009E-02  -0.813687E-02  -0.926668E-02  -0.104000E-01
  -0.110001E-01  -0.104955E-01  -0.856107E-02  -0.531476E-02  -0.107644E-02
   0.362115E-02   0.805495E-02   0.114457E-01   0.131061E-01   0.126834E-01
   0.104879E-01   0.706443E-02   0.293195E-02  -0.113766E-02  -0.440745E-02
  -0.641919E-02  -0.707049E-02  -0.638646E-02  -0.463394E-02  -0.255485E-02
  -0.701159E-03   0.717366E-03   0.148991E-02   0.127800E-02   0.112147E-04
  -0.173987E-02  -0.309159E-02  -0.312392E-02  -0.164596E-02   0.934891E-03
   0.420711E-02   0.750898E-02   0.977386E-02   0.102005E-01   0.882216E-02
   0.579257E-02   0.160875E-02  -0.271441E-02  -0.610507E-02  -0.793394E-02
  -0.817093E-02  -0.720985E-02  -0.563887E-02  -0.396620E-02  -0.267597E-02
  -0.203426E-02  -0.151640E-02  -0.730818E-03   0.336464E-03   0.177040E-02
   0.356199E-02   0.565019E-02   0.767562E-02   0.906460E-02   0.940728E-02
   0.859317E-02   0.679722E-02   0.449786E-02   0.232221E-02   0.797224E-03
   0.299693E-03   0.720951E-03   0.162219E-02   0.244703E-02   0.268629E-02
   0.208284E-02   0.633704E-03  -0.113385E-02  -0.233509E-02  -0.222019E-02
  -0.426875E-03   0.298048E-02   0.755011E-02   0.126625E-01   0.173719E-01
   0.205711E-01   0.215325E-01   0.203881E-01   0.177352E-01   0.140516E-01
   0.986004E-02   0.585338E-02   0.272500E-02   0.634350E-03  -0.545140E-03
  -0.802168E-03  -0.234198E-03   0.799403E-03   0.160916E-02   0.160794E-02
   0.542528E-03  -0.154466E-02  -0.444941E-02  -0.775905E-02  -0.107424E-01
  -0.126215E-01  -0.131273E-01  -0.123336E-01  -0.104271E-01  -0.785870E-02
  -0.518845E-02  -0.279574E-02  -0.741244E-03   0.966319E-03   0.234771E-02
   0.383500E-02   0.568144E-02   0.769386E-02   0.987432E-02   0.123277E-01
   0.146113E-01   0.159503E-01   0.158026E-01   0.139481E-01   0.103672E-01
   0.548997E-02   0.300314E-03  -0.467210E-02  -0.923024E-02  -0.130335E-01
  -0.159374E-01  -0.181802E-01  -0.200785E-01  -0.217322E-01  -0.229374E-01
  -0.236431E-01  -0.239615E-01  -0.238560E-01  -0.233074E-01  -0.227290E-01
  -0.226143E-01  -0.226639E-01  -0.224699E-01  -0.219044E-01  -0.208521E-01
  -0.191486E-01  -0.166890E-01  -0.139968E-01  -0.120041E-01  -0.110763E-01
  -0.108732E-01  -0.108354E-01  -0.103536E-01  -0.900467E-02  -0.653896E-02
  -0.293304E-02   0.114052E-02   0.467458E-02   0.694713E-02   0.781101E-02
   0.732217E-02   0.567230E-02   0.367065E-02   0.271836E-02   0.354171E-02
   0.582035E-02   0.909738E-02   0.126438E-01   0.154004E-01   0.164492E-01
   0.153692E-01   0.122177E-01   0.774916E-02   0.291362E-02  -0.168768E-02
  -0.552511E-02  -0.829127E-02  -0.987350E-02  -0.103850E-01  -0.992884E-02
  -0.851096E-02  -0.641315E-02  -0.428123E-02  -0.261451E-02  -0.158110E-02
  -0.116701E-02  -0.120742E-02  -0.144458E-02  -0.151547E-02  -0.893105E-03
   0.937355E-03   0.386437E-02   0.733333E-02   0.109573E-01   0.143224E-01
   0.169628E-01   0.185951E-01   0.192158E-01   0.190046E-01   0.181366E-01
   0.168841E-01   0.156907E-01   0.147586E-01   0.140690E-01   0.134529E-01
   0.127034E-01   0.118617E-01   0.110950E-01   0.104833E-01   0.982195E-02
   0.888826E-02   0.735040E-02   0.498238E-02   0.200209E-02  -0.137044E-02
  -0.489383E-02  -0.794166E-02  -0.966560E-02  -0.946449E-02  -0.755150E-02
  -0.442380E-02  -0.518808E-03   0.331538E-02   0.634891E-02   0.832010E-02
   0.910690E-02   0.859431E-02   0.759556E-02   0.706321E-02   0.716385E-02
   0.784433E-02   0.931077E-02   0.113633E-01   0.134213E-01   0.149244E-01
   0.154618E-01   0.149599E-01   0.135572E-01   0.115219E-01   0.922883E-02
   0.702338E-02   0.495318E-02   0.277982E-02   0.334190E-03  -0.221062E-02
  -0.462624E-02  -0.696272E-02  -0.909292E-02  -0.107421E-01  -0.117951E-01
  -0.121870E-01  -0.120435E-01  -0.113005E-01  -0.975514E-02  -0.743669E-02
  -0.459097E-02  -0.146089E-02   0.178721E-02   0.472532E-02   0.697239E-02
   0.855771E-02   0.961713E-02   0.100490E-01   0.986816E-02   0.926523E-02
   0.836783E-02   0.721869E-02   0.558860E-02   0.312259E-02  -0.141732E-03
  -0.392710E-02  -0.781402E-02  -0.115892E-01  -0.152374E-01  -0.183385E-01
  -0.203517E-01  -0.210220E-01  -0.207294E-01  -0.197363E-01  -0.180506E-01
  -0.157341E-01  -0.130022E-01  -0.970259E-02  -0.558492E-02  -0.732235E-03
   0.453952E-02   0.963235E-02   0.141050E-01   0.174163E-01   0.190925E-01
   0.192018E-01   0.181307E-01   0.163560E-01   0.143373E-01   0.124256E-01
   0.110810E-01   0.104127E-01   0.101201E-01   0.987510E-02   0.951721E-02
   0.898484E-02   0.825586E-02   0.726938E-02   0.594753E-02   0.447546E-02
   0.318804E-02   0.217920E-02   0.127417E-02   0.478461E-03  -0.498211E-04
  -0.338953E-03  -0.416713E-03  -0.400045E-03  -0.491342E-03  -0.647867E-03
  -0.881554E-03  -0.132094E-02  -0.167191E-02  -0.144848E-02  -0.549738E-03
   0.740510E-03   0.248143E-02   0.441928E-02   0.587789E-02   0.636705E-02
   0.571487E-02   0.411618E-02   0.210131E-02   0.344475E-03  -0.540820E-03
  -0.237885E-04   0.198847E-02   0.495665E-02   0.823955E-02   0.113496E-01
   0.137509E-01   0.148184E-01   0.144280E-01   0.131383E-01   0.115719E-01
   0.100468E-01   0.848416E-02   0.696580E-02   0.583855E-02   0.509238E-02
   0.430038E-02   0.321813E-02   0.180380E-02  -0.519451E-04  -0.273772E-02
  -0.621852E-02  -0.100163E-01  -0.137841E-01  -0.171498E-01  -0.198055E-01
  -0.217035E-01  -0.226242E-01  -0.223829E-01  -0.210631E-01  -0.190022E-01
  -0.164841E-01  -0.137390E-01  -0.111226E-01  -0.900737E-02  -0.743522E-02
  -0.626067E-02  -0.541572E-02  -0.469368E-02  -0.381235E-02  -0.255157E-02
  -0.811980E-03   0.118907E-02   0.299834E-02   0.427367E-02   0.481722E-02
   0.452863E-02   0.323591E-02   0.107052E-02  -0.154798E-02  -0.401943E-02
  -0.613511E-02  -0.771362E-02  -0.839770E-02  -0.839765E-02  -0.831072E-02
  -0.842308E-02  -0.886980E-02  -0.985646E-02  -0.113675E-01  -0.129664E-01
  -0.141815E-01  -0.146190E-01  -0.140924E-01  -0.126469E-01  -0.105533E-01
  -0.824411E-02  -0.597127E-02  -0.404283E-02  -0.268899E-02  -0.192230E-02
  -0.151122E-02  -0.112772E-02  -0.548262E-03   0.448429E-03   0.209913E-02
   0.436852E-02   0.687522E-02   0.934544E-02   0.118320E-01   0.141633E-01
   0.157414E-01   0.159739E-01   0.147581E-01   0.123529E-01   0.888361E-02
   0.482388E-02   0.742000E-03  -0.298985E-02  -0.603317E-02  -0.810659E-02
  -0.917419E-02  -0.969576E-02  -0.102287E-01  -0.113252E-01  -0.129743E-01
  -0.149951E-01  -0.172862E-01  -0.196446E-01  -0.216114E-01  -0.227985E-01
  -0.232483E-01  -0.231515E-01  -0.223693E-01  -0.205439E-01  -0.175095E-01
  -0.133508E-01  -0.825200E-02  -0.268767E-02   0.259768E-02   0.677287E-02
   0.932818E-02   0.102453E-01   0.996960E-02   0.929023E-02   0.903504E-02
   0.987545E-02   0.121992E-01   0.156473E-01   0.192510E-01   0.218261E-01
   0.227693E-01   0.219529E-01   0.193692E-01   0.153498E-01   0.106176E-01
   0.598373E-02   0.232375E-02   0.346615E-03   0.155493E-03   0.154341E-02
   0.396501E-02   0.629608E-02   0.761492E-02   0.777507E-02   0.681269E-02
   0.476630E-02   0.208641E-02  -0.420321E-03  -0.186019E-02  -0.169011E-02
  -0.916524E-04   0.246009E-02   0.526864E-02   0.745873E-02   0.805091E-02
   0.662121E-02   0.364329E-02  -0.451753E-04  -0.366552E-02  -0.634736E-02
  -0.699069E-02  -0.541808E-02  -0.237354E-02   0.124028E-02   0.458490E-02
   0.672763E-02   0.697311E-02   0.522036E-02   0.185559E-02  -0.236263E-02
  -0.643019E-02  -0.939145E-02  -0.106324E-01  -0.100979E-01  -0.824766E-02
  -0.598744E-02  -0.421627E-02  -0.357348E-02  -0.427839E-02  -0.640622E-02
  -0.989112E-02  -0.138503E-01  -0.169446E-01  -0.182195E-01  -0.174676E-01
  -0.149564E-01  -0.108910E-01  -0.589012E-02  -0.997318E-03   0.274880E-02
   0.479112E-02   0.501489E-02   0.354949E-02   0.109789E-02  -0.145071E-02
  -0.334537E-02  -0.412316E-02  -0.360318E-02  -0.191787E-02   0.515021E-03
   0.297962E-02   0.461512E-02   0.474316E-02   0.326112E-02   0.270665E-03
  -0.400678E-02  -0.885604E-02  -0.132963E-01  -0.166245E-01  -0.183605E-01
  -0.182653E-01  -0.164630E-01  -0.134830E-01  -0.100027E-01  -0.673826E-02
  -0.426107E-02  -0.284424E-02  -0.241890E-02  -0.272265E-02  -0.339100E-02
  -0.360946E-02  -0.277299E-02  -0.103029E-02   0.147557E-02   0.477513E-02
   0.800682E-02   0.100165E-01   0.101958E-01   0.859887E-02   0.576088E-02
   0.234803E-02  -0.997092E-03  -0.335726E-02  -0.398771E-02  -0.294368E-02
  -0.100123E-02   0.112920E-02   0.292172E-02   0.383178E-02   0.355682E-02
   0.200168E-02  -0.450966E-03  -0.318314E-02  -0.580620E-02  -0.784831E-02
  -0.881722E-02  -0.854500E-02  -0.712433E-02  -0.471371E-02  -0.173501E-02
   0.119014E-02   0.354212E-02   0.498906E-02   0.547026E-02   0.520867E-02
   0.477774E-02   0.474388E-02   0.553869E-02   0.719105E-02   0.956409E-02
   0.123169E-01   0.146386E-01   0.159979E-01   0.165810E-01   0.162836E-01
   0.150628E-01   0.134250E-01   0.119473E-01   0.108034E-01   0.993702E-02
   0.931606E-02   0.870850E-02   0.779178E-02   0.633686E-02   0.442311E-02
   0.236584E-02   0.675106E-03  -0.238563E-03  -0.209671E-03   0.555796E-03
   0.172519E-02   0.304947E-02   0.408233E-02   0.437413E-02   0.365786E-02
   0.188538E-02  -0.468682E-03  -0.273580E-02  -0.449381E-02  -0.558164E-02
  -0.591667E-02  -0.550344E-02  -0.479039E-02  -0.403959E-02  -0.328555E-02
  -0.285854E-02  -0.302752E-02  -0.364954E-02  -0.457268E-02  -0.572717E-02
  -0.670719E-02  -0.709792E-02  -0.688937E-02  -0.625901E-02  -0.530791E-02
  -0.413772E-02  -0.309765E-02  -0.257489E-02  -0.274192E-02  -0.348549E-02
  -0.449602E-02  -0.545412E-02  -0.627725E-02  -0.684564E-02  -0.700122E-02
  -0.688566E-02  -0.673858E-02  -0.679217E-02  -0.707545E-02  -0.743947E-02
  -0.764468E-02  -0.751400E-02  -0.713364E-02  -0.669436E-02  -0.639460E-02
  -0.657735E-02  -0.739460E-02  -0.828920E-02  -0.899421E-02  -0.957380E-02
  -0.985126E-02  -0.957248E-02  -0.884936E-02  -0.797288E-02  -0.701710E-02
  -0.593430E-02  -0.464008E-02  -0.309447E-02  -0.158853E-02  -0.357511E-03
   0.545695E-03   0.115960E-02   0.151387E-02   0.166107E-02   0.178863E-02
   0.223626E-02   0.307293E-02   0.406717E-02   0.506240E-02   0.600468E-02
   0.697534E-02   0.769831E-02   0.786294E-02   0.752874E-02   0.696221E-02
   0.643131E-02   0.602907E-02   0.564896E-02   0.527917E-02   0.506143E-02
   0.482885E-02   0.431911E-02   0.356615E-02   0.278999E-02   0.216379E-02
   0.174927E-02   0.185973E-02   0.258272E-02   0.364773E-02   0.479428E-02
   0.598014E-02   0.699947E-02   0.771227E-02   0.809206E-02   0.799665E-02
   0.746131E-02   0.674291E-02   0.598003E-02   0.524632E-02   0.473335E-02
   0.460328E-02   0.496828E-02   0.577892E-02   0.665270E-02   0.715185E-02
   0.684198E-02   0.572935E-02   0.442242E-02   0.345658E-02   0.317523E-02
   0.393293E-02   0.571429E-02   0.807001E-02   0.102089E-01   0.111854E-01
   0.105328E-01   0.836803E-02   0.517072E-02   0.152047E-02  -0.172540E-02
  -0.378163E-02  -0.437715E-02  -0.414052E-02  -0.392950E-02  -0.413076E-02
  -0.481575E-02  -0.583642E-02  -0.685217E-02  -0.770622E-02  -0.801406E-02
  -0.735279E-02  -0.611136E-02  -0.497381E-02  -0.403674E-02  -0.341128E-02
  -0.340778E-02  -0.388505E-02  -0.453859E-02  -0.531346E-02  -0.600643E-02
  -0.631630E-02  -0.608477E-02  -0.521967E-02  -0.381216E-02  -0.219000E-02
  -0.933099E-03  -0.338268E-03  -0.258998E-03  -0.607224E-03  -0.138560E-02
  -0.230122E-02  -0.299849E-02  -0.319140E-02  -0.291589E-02  -0.254822E-02
  -0.205355E-02  -0.146077E-02  -0.940935E-03  -0.321883E-03   0.500876E-03
   0.144548E-02   0.225282E-02   0.262192E-02   0.251954E-02   0.186985E-02
   0.559535E-03  -0.119572E-02  -0.296225E-02  -0.430276E-02  -0.477623E-02
  -0.416451E-02  -0.272622E-02  -0.727381E-03   0.133960E-02   0.280947E-02
   0.351321E-02   0.358536E-02   0.333127E-02   0.325308E-02   0.366720E-02
   0.458267E-02   0.576206E-02   0.694720E-02   0.782831E-02   0.837128E-02
   0.887860E-02   0.963165E-02   0.107666E-01   0.123551E-01   0.141671E-01
   0.156286E-01   0.163645E-01   0.163429E-01   0.157647E-01   0.148885E-01
   0.139400E-01   0.132073E-01   0.128987E-01   0.127379E-01   0.123271E-01
   0.114708E-01   0.101769E-01   0.848991E-02   0.644922E-02   0.446099E-02
   0.307120E-02   0.246318E-02   0.251858E-02   0.286614E-02   0.320397E-02
   0.344523E-02   0.354272E-02   0.333709E-02   0.268279E-02   0.213650E-02
   0.195131E-02   0.154333E-02   0.889255E-03   0.587392E-03   0.759184E-03
   0.112109E-02   0.135983E-02   0.135843E-02   0.118811E-02   0.733983E-03
  -0.282946E-03  -0.192073E-02  -0.390572E-02  -0.592909E-02  -0.787538E-02
  -0.973047E-02  -0.113702E-01  -0.122500E-01  -0.122290E-01  -0.117338E-01
  -0.112429E-01  -0.109014E-01  -0.106802E-01  -0.106778E-01  -0.108703E-01
  -0.110901E-01  -0.109897E-01  -0.103454E-01  -0.923211E-02  -0.782138E-02
  -0.627769E-02  -0.481930E-02  -0.367908E-02  -0.315090E-02  -0.322658E-02
  -0.353033E-02  -0.374861E-02  -0.393184E-02  -0.416975E-02  -0.447852E-02
  -0.500747E-02  -0.576177E-02  -0.657226E-02  -0.720998E-02  -0.736446E-02
  -0.692873E-02  -0.612466E-02  -0.500797E-02  -0.375214E-02  -0.297392E-02
  -0.290746E-02  -0.347395E-02  -0.455299E-02  -0.594895E-02  -0.735983E-02
  -0.846890E-02  -0.907245E-02  -0.905518E-02  -0.855622E-02  -0.760753E-02
  -0.632535E-02  -0.496031E-02  -0.367340E-02  -0.254307E-02  -0.137646E-02
  -0.378669E-04   0.120975E-02   0.211481E-02   0.281972E-02   0.352908E-02
   0.423660E-02   0.479772E-02   0.519110E-02   0.540194E-02   0.533429E-02
   0.506334E-02   0.471273E-02   0.418901E-02   0.359420E-02   0.301498E-02
   0.240715E-02   0.181078E-02   0.120871E-02   0.321788E-03  -0.864686E-03
  -0.205541E-02  -0.312410E-02  -0.403743E-02  -0.457783E-02  -0.472019E-02
  -0.460324E-02  -0.426276E-02  -0.386395E-02  -0.352327E-02  -0.325064E-02
  -0.296775E-02  -0.257058E-02  -0.198189E-02  -0.116542E-02   0.147193E-04
   0.141587E-02   0.287371E-02   0.423156E-02   0.532101E-02   0.594442E-02
   0.606986E-02   0.573535E-02   0.527673E-02   0.501873E-02   0.493353E-02
   0.547391E-02   0.683240E-02   0.872916E-02   0.107591E-01   0.125832E-01
   0.139219E-01   0.143221E-01   0.136393E-01   0.119797E-01   0.950874E-02
   0.672481E-02   0.424456E-02   0.245441E-02   0.142782E-02   0.104774E-02
   0.123398E-02   0.157672E-02   0.145481E-02   0.917167E-03  -0.162706E-03
  -0.198822E-02  -0.426890E-02  -0.625211E-02  -0.776470E-02  -0.832561E-02
  -0.802003E-02  -0.675333E-02  -0.486575E-02  -0.315268E-02  -0.220026E-02
  -0.209031E-02  -0.242724E-02  -0.286330E-02  -0.320528E-02  -0.333311E-02
  -0.316636E-02  -0.260668E-02  -0.155923E-02  -0.124149E-03   0.137532E-02
   0.266509E-02   0.379096E-02   0.481169E-02   0.567687E-02   0.646184E-02
   0.713775E-02   0.767544E-02   0.803742E-02   0.812672E-02   0.803289E-02
   0.787518E-02   0.751277E-02   0.694792E-02   0.653532E-02   0.648973E-02
   0.680771E-02   0.753464E-02   0.865353E-02   0.100012E-01   0.110897E-01
   0.112835E-01   0.105195E-01   0.901102E-02   0.696217E-02   0.468125E-02
   0.263027E-02   0.119736E-02   0.501511E-03   0.494078E-03   0.913766E-03
   0.128732E-02   0.127607E-02   0.831593E-03   0.782369E-04  -0.878202E-03
  -0.179597E-02  -0.263656E-02  -0.364182E-02  -0.447215E-02  -0.477173E-02
  -0.472402E-02  -0.434866E-02  -0.354211E-02  -0.259309E-02  -0.168768E-02
  -0.887972E-03  -0.442003E-03  -0.506098E-03  -0.100273E-02  -0.191323E-02
  -0.308617E-02  -0.415215E-02  -0.480167E-02  -0.474012E-02  -0.383412E-02
  -0.229146E-02  -0.557590E-03   0.910624E-03   0.163936E-02   0.134291E-02
   0.155520E-03  -0.149478E-02  -0.319837E-02  -0.455157E-02  -0.516665E-02
  -0.481192E-02  -0.362334E-02  -0.214766E-02  -0.886914E-03  -0.253903E-03
  -0.535652E-03  -0.177794E-02  -0.374404E-02  -0.591329E-02  -0.765539E-02
  -0.872815E-02  -0.902547E-02  -0.846328E-02  -0.727344E-02  -0.580624E-02
  -0.429089E-02  -0.291260E-02  -0.194499E-02  -0.165403E-02  -0.180497E-02
  -0.224419E-02  -0.301763E-02  -0.396803E-02  -0.475016E-02  -0.512301E-02
  -0.496715E-02  -0.412030E-02  -0.254169E-02  -0.539701E-03   0.135103E-02
   0.260883E-02   0.279955E-02   0.186735E-02   0.203785E-03  -0.152931E-02
  -0.275237E-02  -0.302198E-02  -0.207259E-02  -0.177181E-03   0.203477E-02
   0.393291E-02   0.495178E-02   0.479573E-02   0.359882E-02   0.179027E-02
  -0.893486E-04  -0.140728E-02  -0.178594E-02  -0.123492E-02   0.138063E-04
   0.148466E-02   0.274988E-02   0.342158E-02   0.349867E-02   0.311603E-02
   0.228625E-02   0.113814E-02  -0.747909E-04  -0.101800E-02  -0.137147E-02
  -0.113271E-02  -0.474724E-03   0.396302E-03   0.118396E-02   0.150974E-02
   0.121407E-02   0.343566E-03  -0.943292E-03  -0.247214E-02  -0.395751E-02
  -0.512494E-02  -0.586419E-02  -0.617906E-02  -0.614033E-02  -0.594708E-02
  -0.581230E-02  -0.590711E-02  -0.631180E-02  -0.690955E-02  -0.744024E-02
  -0.774436E-02  -0.780728E-02  -0.754211E-02  -0.679411E-02  -0.557826E-02
  -0.424129E-02  -0.308610E-02  -0.208147E-02  -0.123307E-02  -0.701363E-03
  -0.454715E-03  -0.263990E-03  -0.366909E-04   0.203981E-03   0.462935E-03
   0.650415E-03   0.663818E-03   0.606253E-03   0.584661E-03   0.424242E-03
   0.103280E-03  -0.118645E-03  -0.998003E-04   0.984780E-04   0.349417E-03
   0.752295E-03   0.149179E-02   0.247248E-02   0.347648E-02   0.434536E-02
   0.507681E-02   0.576838E-02   0.628820E-02   0.643795E-02   0.632407E-02
   0.614621E-02   0.578460E-02   0.519850E-02   0.470747E-02   0.432102E-02
   0.386168E-02   0.333973E-02   0.285944E-02   0.252796E-02   0.223844E-02
   0.179485E-02   0.123285E-02   0.719633E-03   0.347823E-03   0.165084E-03
   0.196754E-03   0.421450E-03   0.711701E-03   0.945350E-03   0.105419E-02
   0.103083E-02   0.910366E-03   0.674752E-03   0.328703E-03  -0.841982E-05
  -0.184599E-03  -0.155420E-03  -0.274501E-04   0.124745E-03   0.259883E-03
   0.245344E-03  -0.110442E-04  -0.480192E-03  -0.967970E-03  -0.127597E-02
  -0.146131E-02  -0.159952E-02  -0.165201E-02  -0.159889E-02  -0.141673E-02
  -0.112399E-02  -0.804413E-03  -0.449406E-03  -0.832571E-04   0.245589E-03
   0.530522E-03   0.788759E-03   0.105057E-02   0.134278E-02   0.160439E-02
   0.180661E-02   0.204938E-02   0.235353E-02   0.263071E-02   0.280425E-02
   0.284335E-02   0.272234E-02   0.244995E-02   0.207917E-02   0.166847E-02
   0.125707E-02   0.909285E-03   0.669707E-03   0.551003E-03   0.530769E-03
   0.551546E-03   0.556643E-03   0.537340E-03   0.486332E-03   0.385841E-03
   0.205353E-03  -0.428510E-04  -0.279927E-03  -0.439211E-03  -0.501940E-03
  -0.482126E-03  -0.361846E-03  -0.159629E-03   0.449495E-04   0.179308E-03
   0.195352E-03   0.106593E-03  -0.608248E-04  -0.284979E-03  -0.526008E-03
  -0.731364E-03  -0.847125E-03  -0.876880E-03  -0.866047E-03  -0.848172E-03
  -0.828006E-03  -0.803372E-03  -0.777299E-03  -0.760645E-03  -0.759100E-03
  -0.762344E-03  -0.770100E-03  -0.770020E-03  -0.743668E-03  -0.688661E-03
  -0.618757E-03  -0.544973E-03  -0.464429E-03  -0.363323E-03  -0.252921E-03
  -0.147528E-03  -0.606107E-04  -0.475179E-05   0.183541E-04   0.323134E-04
   0.648570E-04   0.126830E-03   0.213628E-03   0.305139E-03   0.385495E-03
   0.438851E-03   0.451685E-03   0.425308E-03   0.373799E-03   0.316101E-03
   0.266485E-03   0.230722E-03   0.209876E-03   0.194751E-03   0.174997E-03
   0.133014E-03   0.598810E-04  -0.336102E-04  -0.131392E-03  -0.222243E-03
  -0.296774E-03  -0.343071E-03  -0.360738E-03  -0.358975E-03  -0.350448E-03
  -0.345897E-03  -0.347328E-03  -0.348494E-03  -0.346420E-03  -0.343281E-03
  -0.337264E-03  -0.321304E-03  -0.298528E-03  -0.277567E-03  -0.261494E-03
  -0.250467E-03  -0.242688E-03  -0.235699E-03  -0.225714E-03  -0.211769E-03
  -0.197085E-03  -0.186034E-03  -0.180345E-03  -0.180749E-03  -0.186136E-03
  -0.194751E-03  -0.204550E-03  -0.213518E-03  -0.220858E-03  -0.225392E-03
  -0.226542E-03  -0.224726E-03  -0.219502E-03  -0.210706E-03  -0.200936E-03
  -0.191663E-03  -0.182779E-03  -0.174252E-03  -0.165683E-03  -0.156922E-03
  -0.148108E-03  -0.138836E-03  -0.128858E-03  -0.118517E-03  -0.108546E-03
  -0.990103E-04  -0.899613E-04  -0.818169E-04  -0.747228E-04  -0.684467E-04
  -0.628032E-04  -0.576140E-04  -0.525875E-04  -0.476320E-04  -0.428869E-04
  -0.383607E-04  -0.339286E-04  -0.294975E-04  -0.249733E-04  -0.203124E-04
  -0.155142E-04  -0.106215E-04  -0.571240E-05  -0.863268E-06   0.388541E-05
   0.853964E-05   0.131493E-04   0.177233E-04   0.222640E-04   0.268028E-04
   0.313651E-04   0.359429E-04   0.405088E-04   0.450385E-04   0.495168E-04
   0.539348E-04   0.582867E-04   0.625696E-04   0.667816E-04   0.709217E-04
   0.749889E-04   0              0              0              0