   0.499036E-05   0.498183E-05   0.499769E-05   0.500469E-05   0.497294E-05
   0.498681E-05   0.509403E-05   0.516000E-05   0.491259E-05   0.460635E-05
   0.489383E-05   0.563409E-05   0.574880E-05   0.510078E-05   0.438376E-05
   0.442357E-05   0.447954E-05   0.357422E-05   0.341896E-05   0.483732E-05
   0.605905E-05   0.624615E-05   0.523601E-05   0.458940E-05   0.922583E-06
  -0.729684E-05  -0.758125E-05   0.101251E-05   0.853966E-05   0.951653E-05
   0.284072E-05   0.312054E-05   0.131851E-04   0.113735E-04   0.331183E-05
   0.756418E-05   0.169939E-04   0.162883E-04   0.725188E-05   0.187190E-05
   0.729618E-05   0.150216E-04   0.771148E-05  -0.415944E-05  -0.705600E-06
   0.991852E-05   0.799029E-05  -0.502407E-05  -0.612703E-05   0.435987E-05
   0.780144E-05  -0.163019E-06  -0.107444E-04  -0.119231E-04   0.104315E-04
   0.192428E-04   0.120236E-05  -0.156617E-04  -0.632106E-05   0.184228E-04
   0.196903E-04   0.253593E-05  -0.374876E-05   0.992352E-05   0.155822E-04
  -0.229488E-04  -0.322871E-04   0.864743E-05   0.333805E-04   0.288848E-04
   0.502874E-05  -0.103071E-04  -0.657056E-05  -0.187216E-04  -0.253564E-04
  -0.222450E-04  -0.111307E-04  -0.178780E-04  -0.837136E-04  -0.107896E-03
  -0.199922E-04   0.564874E-04   0.376583E-04  -0.643044E-05  -0.416337E-04
  -0.263188E-04  -0.189955E-05  -0.158629E-04  -0.134651E-04   0.500816E-05
  -0.199782E-04  -0.797685E-04  -0.692145E-04   0.147725E-04   0.774502E-04
   0.809809E-04   0.499270E-04   0.431667E-04   0.818955E-04   0.321776E-04
  -0.767141E-04  -0.688484E-04   0.924137E-05   0.481883E-05  -0.526360E-04
  -0.388058E-04   0.271232E-04   0.744179E-04   0.345437E-04  -0.324722E-04
  -0.560733E-04  -0.109658E-04   0.268941E-04   0.991826E-05  -0.647630E-05
  -0.887486E-05  -0.101115E-04   0.184699E-04   0.721735E-04   0.878503E-04
   0.848669E-04   0.109561E-03   0.108013E-03   0.302433E-04  -0.341407E-04
  -0.469298E-04  -0.208900E-04   0.464676E-04   0.825643E-04   0.416546E-04
  -0.208431E-04  -0.222608E-04   0.626676E-04   0.132695E-03   0.117636E-03
   0.181743E-04  -0.525051E-04  -0.493829E-04  -0.555071E-05   0.429811E-04
   0.758426E-04   0.814717E-04   0.681757E-04   0.146723E-03   0.177310E-03
   0.931346E-04   0.345564E-04   0.243961E-04   0.497818E-06  -0.763487E-04
  -0.926116E-04  -0.260433E-04   0.135434E-04   0.160957E-04   0.530096E-05
   0.291937E-04   0.267112E-04  -0.548843E-05  -0.606412E-05  -0.103696E-05
  -0.981309E-05  -0.553564E-04  -0.676828E-04  -0.270698E-04  -0.897409E-05
  -0.284325E-04  -0.409176E-04  -0.568866E-04  -0.437861E-04   0.182307E-04
   0.119327E-04  -0.337276E-04  -0.151786E-04   0.269574E-06  -0.233819E-04
  -0.593915E-04  -0.611915E-04  -0.164576E-04  -0.701574E-05  -0.460144E-04
  -0.834407E-04  -0.131321E-03  -0.191298E-03  -0.940432E-04   0.490779E-04
   0.390455E-04  -0.297837E-05   0.194178E-04   0.290495E-04   0.425753E-05
   0.299647E-04   0.664381E-04   0.628771E-04   0.818415E-05  -0.282165E-04
  -0.674883E-05   0.475304E-04   0.110195E-03   0.203146E-03   0.198338E-03
  -0.483804E-04  -0.273115E-03  -0.225819E-03   0.186288E-04   0.182781E-03
   0.129971E-03   0.396923E-04   0.442725E-04   0.591326E-04  -0.290595E-05
  -0.961117E-04  -0.665012E-04   0.923855E-05  -0.492184E-04  -0.159676E-03
  -0.796795E-04   0.776185E-04   0.395424E-04  -0.688757E-04  -0.130680E-03
  -0.104085E-03  -0.352315E-04  -0.292201E-04  -0.583563E-04  -0.101055E-03
  -0.124236E-03  -0.162033E-03  -0.202263E-03  -0.973799E-04   0.641960E-04
   0.611030E-04  -0.705591E-04  -0.176436E-03  -0.456406E-04   0.121106E-03
   0.145993E-03   0.952769E-04   0.769822E-04   0.120987E-03   0.124293E-03
   0.273697E-04   0.442272E-05   0.145717E-03   0.178303E-03   0.117962E-03
   0.724710E-04   0.851831E-04   0.770996E-04   0.340717E-04   0.112349E-04
  -0.353041E-04  -0.753241E-04  -0.422013E-04  -0.256639E-04  -0.118837E-03
  -0.186680E-03  -0.816637E-04  -0.303303E-04  -0.729000E-04  -0.318973E-05
   0.809380E-04   0.126742E-04  -0.617133E-04   0.913837E-04   0.203126E-03
   0.169459E-04  -0.153297E-03  -0.145049E-03  -0.145452E-03  -0.271892E-03
  -0.227112E-03  -0.889932E-05   0.535280E-04  -0.130823E-04  -0.882501E-05
   0.774820E-04   0.995323E-04   0.929947E-04   0.108547E-03   0.399564E-04
  -0.788925E-04  -0.962847E-04  -0.229358E-04   0.704276E-04   0.137296E-03
   0.170031E-03   0.154683E-03   0.104835E-03   0.618744E-04   0.465230E-06
  -0.195925E-04   0.321492E-04   0.678902E-04   0.715830E-04  -0.424413E-04
  -0.330892E-03  -0.326617E-03  -0.304593E-04   0.127670E-03   0.841386E-04
   0.624658E-04   0.103713E-03   0.642086E-04  -0.667401E-04  -0.143663E-03
  -0.159735E-03  -0.978616E-04   0.133695E-04   0.995183E-04   0.151550E-03
   0.825739E-04  -0.198843E-04  -0.179837E-04   0.152887E-04   0.221008E-04
   0.287008E-04   0.398445E-04  -0.393787E-05  -0.302570E-04  -0.475069E-04
  -0.633485E-04   0.923459E-05   0.507148E-04  -0.130829E-04  -0.970604E-04
  -0.893819E-04  -0.120233E-04   0.737343E-04   0.153879E-03   0.224215E-03
   0.161683E-03  -0.100020E-03  -0.281450E-03  -0.172821E-03   0.812537E-05
  -0.556825E-05  -0.119819E-03  -0.141609E-03  -0.375110E-04   0.192072E-04
   0.181429E-04   0.138737E-03   0.203805E-03   0.134033E-03   0.447836E-06
  -0.126442E-03  -0.125190E-03  -0.425225E-04  -0.108785E-04  -0.659121E-05
   0.216407E-05   0.428642E-04   0.729009E-04   0.119366E-03   0.224480E-03
   0.217610E-03   0.569673E-04  -0.700909E-04  -0.846677E-04   0.675020E-05
   0.917780E-04  -0.428784E-04  -0.182290E-03  -0.136253E-03  -0.340764E-04
  -0.363891E-04  -0.213359E-04   0.103504E-03   0.222848E-03   0.161070E-03
   0.638166E-04   0.812403E-05  -0.952689E-04  -0.145163E-03  -0.650582E-04
   0.226721E-05  -0.105843E-03  -0.120107E-03   0.361806E-04   0.948131E-04
  -0.489161E-04  -0.170284E-03  -0.798214E-04   0.757532E-04   0.143969E-03
   0.115031E-03   0.354843E-04  -0.829991E-05   0.479374E-04   0.849471E-04
   0.972193E-06  -0.683076E-04   0.219084E-04   0.134281E-03   0.890649E-04
   0.264472E-04  -0.997681E-05  -0.511978E-04  -0.621384E-04  -0.586781E-04
  -0.263958E-04   0.311464E-04   0.153492E-03   0.167087E-03   0.103254E-04
  -0.710353E-04   0.675101E-04   0.261513E-03   0.229838E-03  -0.148586E-04
  -0.137125E-03  -0.496151E-04   0.123491E-03   0.179320E-03   0.599124E-04
  -0.648344E-04  -0.102244E-03  -0.414328E-04   0.727908E-04   0.143145E-03
   0.141086E-03   0.883513E-04   0.274925E-04   0.166886E-04   0.259852E-04
   0.670191E-04   0.106999E-04  -0.765056E-04   0.104143E-04   0.128501E-03
   0.108752E-03  -0.132497E-04  -0.923100E-04  -0.366400E-04   0.631971E-04
   0.459021E-04  -0.272672E-04   0.423984E-04   0.218815E-03   0.244060E-03
   0.522527E-05  -0.217286E-03  -0.191932E-03  -0.137667E-03  -0.284167E-03
  -0.199810E-03   0.114466E-03   0.184449E-03   0.240626E-05  -0.168661E-03
  -0.182236E-03  -0.650781E-04   0.485498E-04   0.549641E-04   0.582699E-05
   0.347852E-04   0.328259E-04  -0.697461E-04  -0.893925E-04  -0.309081E-04
  -0.470370E-04  -0.156867E-03  -0.222602E-03  -0.927727E-04   0.571650E-04
   0.103229E-03   0.329226E-04  -0.481185E-04  -0.711539E-04  -0.558349E-04
  -0.204504E-04  -0.905979E-04  -0.155193E-03  -0.122274E-03  -0.473452E-04
  -0.163851E-04  -0.663320E-04  -0.219311E-04   0.843469E-04   0.472698E-04
   0.249913E-05   0.161572E-04   0.650966E-05  -0.188334E-04  -0.788636E-04
  -0.875098E-04   0.319395E-04   0.981544E-04  -0.991632E-04  -0.356339E-03
  -0.289867E-03  -0.896018E-04  -0.391925E-04  -0.720156E-04   0.147346E-04
   0.153526E-03   0.682139E-04  -0.302920E-04   0.740765E-04   0.193838E-03
   0.932531E-04  -0.617137E-04   0.523905E-04   0.274268E-03   0.293950E-03
   0.112305E-03  -0.308122E-04   0.100490E-04   0.755265E-04   0.361267E-04
  -0.396982E-04  -0.523195E-04  -0.618376E-04  -0.103081E-03  -0.101578E-03
  -0.574944E-04  -0.387499E-05   0.363689E-04   0.183891E-05  -0.460576E-04
  -0.599737E-04  -0.726075E-04  -0.149221E-03  -0.357746E-03  -0.548043E-03
  -0.608594E-03  -0.631731E-03  -0.633577E-03  -0.506101E-03  -0.310760E-03
  -0.224950E-03  -0.216604E-03  -0.115100E-03   0.887918E-04   0.160073E-03
   0.275461E-04  -0.621349E-04   0.257009E-04   0.196582E-03   0.319466E-03
   0.472431E-03   0.666958E-03   0.617865E-03   0.356680E-04  -0.660562E-03
  -0.983757E-03  -0.965230E-03  -0.842155E-03  -0.715069E-03  -0.324156E-03
   0.200081E-03   0.360549E-03  -0.409421E-04  -0.561229E-03  -0.864409E-03
  -0.102043E-02  -0.109718E-02  -0.109166E-02  -0.100408E-02  -0.920093E-03
  -0.817773E-03  -0.555959E-03  -0.237025E-03  -0.161847E-03  -0.351823E-03
  -0.745920E-03  -0.132787E-02  -0.176762E-02  -0.177792E-02  -0.116967E-02
  -0.275540E-03   0.287894E-03   0.297258E-03   0.206677E-04  -0.110269E-03
   0.725663E-04   0.231663E-03   0.127907E-03  -0.227064E-03  -0.924492E-03
  -0.202426E-02  -0.312765E-02  -0.364614E-02  -0.344217E-02  -0.305642E-02
  -0.314937E-02  -0.386619E-02  -0.480017E-02  -0.550252E-02  -0.569503E-02
  -0.516346E-02  -0.403190E-02  -0.271159E-02  -0.160295E-02  -0.996470E-03
  -0.948060E-03  -0.123206E-02  -0.152590E-02  -0.171953E-02  -0.203162E-02
  -0.265328E-02  -0.337741E-02  -0.359261E-02  -0.282950E-02  -0.128273E-02
   0.396662E-03   0.160044E-02   0.206055E-02   0.170080E-02   0.663551E-03
  -0.409807E-03  -0.101635E-02  -0.105344E-02  -0.573723E-03   0.314167E-03
   0.146450E-02   0.269435E-02   0.382332E-02   0.471321E-02   0.545414E-02
   0.628143E-02   0.715663E-02   0.759359E-02   0.728568E-02   0.670476E-02
   0.646116E-02   0.628849E-02   0.554893E-02   0.426673E-02   0.277888E-02
   0.158155E-02   0.132422E-02   0.224301E-02   0.428740E-02   0.681686E-02
   0.870604E-02   0.931810E-02   0.874616E-02   0.781962E-02   0.705757E-02
   0.653541E-02   0.624564E-02   0.583970E-02   0.500399E-02   0.369479E-02
   0.224122E-02   0.106390E-02   0.458375E-03   0.448843E-03   0.679610E-03
   0.940356E-03   0.142929E-02   0.220471E-02   0.279059E-02   0.242762E-02
   0.762299E-03  -0.175307E-02  -0.426950E-02  -0.591409E-02  -0.600492E-02
  -0.437122E-02  -0.163591E-02   0.130201E-02   0.374734E-02   0.528012E-02
   0.561746E-02   0.454704E-02   0.218587E-02  -0.796761E-03  -0.330145E-02
  -0.432935E-02  -0.361425E-02  -0.163913E-02   0.524930E-03   0.158550E-02
   0.841874E-03  -0.165082E-02  -0.518870E-02  -0.881308E-02  -0.115919E-01
  -0.128553E-01  -0.125971E-01  -0.112462E-01  -0.966540E-02  -0.869528E-02
  -0.895806E-02  -0.105385E-01  -0.125838E-01  -0.133638E-01  -0.119104E-01
  -0.865554E-02  -0.474423E-02  -0.137988E-02   0.877022E-03   0.191878E-02
   0.184275E-02   0.741908E-03  -0.138458E-02  -0.447619E-02  -0.829286E-02
  -0.121882E-01  -0.152600E-01  -0.164647E-01  -0.151446E-01  -0.116497E-01
  -0.701487E-02  -0.269102E-02  -0.208360E-04   0.509108E-03  -0.617197E-03
  -0.228995E-02  -0.345590E-02  -0.352852E-02  -0.263334E-02  -0.101894E-02
   0.113909E-02   0.318743E-02   0.463813E-02   0.581531E-02   0.695721E-02
   0.798613E-02   0.863313E-02   0.854793E-02   0.779949E-02   0.709070E-02
   0.725118E-02   0.862489E-02   0.105163E-01   0.118020E-01   0.117533E-01
   0.996424E-02   0.674852E-02   0.366050E-02   0.256058E-02   0.464606E-02
   0.101549E-01   0.181685E-01   0.267059E-01   0.336308E-01   0.372945E-01
   0.369613E-01   0.331796E-01   0.274435E-01   0.218351E-01   0.182196E-01
   0.171356E-01   0.180044E-01   0.197144E-01   0.211863E-01   0.211941E-01
   0.186151E-01   0.135123E-01   0.734822E-02   0.184520E-02  -0.215133E-02
  -0.477121E-02  -0.675491E-02  -0.862446E-02  -0.103210E-01  -0.117884E-01
  -0.133901E-01  -0.152095E-01  -0.165602E-01  -0.165975E-01  -0.148526E-01
  -0.113065E-01  -0.623231E-02  -0.296220E-03   0.538928E-02   0.951264E-02
   0.112528E-01   0.107409E-01   0.868308E-02   0.592811E-02   0.326020E-02
   0.150337E-02   0.110536E-02   0.143418E-02   0.133691E-02   0.481809E-03
  -0.240302E-03   0.425472E-03   0.288942E-02   0.666451E-02   0.107858E-01
   0.137756E-01   0.137510E-01   0.957150E-02   0.213359E-02  -0.604344E-02
  -0.126496E-01  -0.170880E-01  -0.198953E-01  -0.212936E-01  -0.212098E-01
  -0.199356E-01  -0.179736E-01  -0.159036E-01  -0.142492E-01  -0.135704E-01
  -0.146629E-01  -0.176705E-01  -0.216296E-01  -0.249376E-01  -0.261746E-01
  -0.245982E-01  -0.205131E-01  -0.148580E-01  -0.881383E-02  -0.369312E-02
  -0.270039E-03   0.207717E-02   0.491682E-02   0.905374E-02   0.135729E-01
   0.167201E-01   0.172025E-01   0.145469E-01   0.923490E-02   0.270892E-02
  -0.306093E-02  -0.663661E-02  -0.778205E-02  -0.704602E-02  -0.551692E-02
  -0.447559E-02  -0.469983E-02  -0.634806E-02  -0.928017E-02  -0.134031E-01
  -0.185168E-01  -0.240232E-01  -0.289237E-01  -0.321523E-01  -0.329605E-01
  -0.312249E-01  -0.275368E-01  -0.230700E-01  -0.188867E-01  -0.150446E-01
  -0.111745E-01  -0.740196E-02  -0.399971E-02  -0.122274E-02   0.492837E-03
   0.941566E-03   0.575622E-03   0.980476E-04   0.147012E-03   0.105098E-02
   0.212760E-02   0.246376E-02   0.212407E-02   0.209928E-02   0.315747E-02
   0.465572E-02   0.465696E-02   0.164522E-02  -0.423199E-02  -0.113044E-01
  -0.172087E-01  -0.198152E-01  -0.179342E-01  -0.125162E-01  -0.649636E-02
  -0.276824E-02  -0.262352E-02  -0.539201E-02  -0.905935E-02  -0.118352E-01
  -0.127301E-01  -0.113457E-01  -0.739430E-02  -0.127452E-02   0.549280E-02
   0.110562E-01   0.135370E-01   0.123163E-01   0.851593E-02   0.442297E-02
   0.249531E-02   0.416063E-02   0.943359E-02   0.170345E-01   0.248871E-01
   0.306322E-01   0.326049E-01   0.307352E-01   0.264488E-01   0.216319E-01
   0.175955E-01   0.149715E-01   0.136226E-01   0.131517E-01   0.132234E-01
   0.134623E-01   0.137367E-01   0.138380E-01   0.130531E-01   0.109144E-01
   0.781005E-02   0.450617E-02   0.141001E-02  -0.196055E-02  -0.615992E-02
  -0.107102E-01  -0.140880E-01  -0.147423E-01  -0.117842E-01  -0.534744E-02
   0.347680E-02   0.125761E-01   0.194116E-01   0.226151E-01   0.230618E-01
   0.228122E-01   0.229633E-01   0.230525E-01   0.218932E-01   0.183439E-01
   0.120814E-01   0.394207E-02  -0.405215E-02  -0.912915E-02  -0.917160E-02
  -0.438903E-02   0.233092E-02   0.734102E-02   0.790062E-02   0.352080E-02
  -0.369107E-02  -0.107436E-01  -0.157438E-01  -0.184106E-01  -0.193600E-01
  -0.194808E-01  -0.193530E-01  -0.186755E-01  -0.165680E-01  -0.126219E-01
  -0.757125E-02  -0.300686E-02  -0.116641E-03   0.977547E-03   0.754571E-03
   0.246316E-03   0.246666E-03   0.812267E-03   0.120182E-02   0.335792E-03
  -0.175602E-02  -0.309569E-02  -0.140750E-02   0.365996E-02   0.979787E-02
   0.136900E-01   0.134587E-01   0.101545E-01   0.656499E-02   0.457245E-02
   0.432417E-02   0.450787E-02   0.326731E-02  -0.166128E-03  -0.481107E-02
  -0.905594E-02  -0.117705E-01  -0.128090E-01  -0.133115E-01  -0.145397E-01
  -0.167794E-01  -0.194755E-01  -0.217784E-01  -0.228901E-01  -0.222745E-01
  -0.199770E-01  -0.170506E-01  -0.152631E-01  -0.153476E-01  -0.163453E-01
  -0.167019E-01  -0.153073E-01  -0.120764E-01  -0.810338E-02  -0.457958E-02
  -0.157603E-02   0.179290E-02   0.682881E-02   0.144460E-01   0.240505E-01
   0.334803E-01   0.396595E-01   0.399142E-01   0.336553E-01   0.227886E-01
   0.104420E-01  -0.860195E-03  -0.102684E-01  -0.182279E-01  -0.250020E-01
  -0.295518E-01  -0.300968E-01  -0.257085E-01  -0.171169E-01  -0.680997E-02
   0.192407E-02   0.674455E-02   0.736366E-02   0.542737E-02   0.344567E-02
   0.277633E-02   0.302462E-02   0.330460E-02   0.347793E-02   0.455634E-02
   0.844139E-02   0.164078E-01   0.274678E-01   0.384162E-01   0.455059E-01
   0.462707E-01   0.405259E-01   0.304898E-01   0.198815E-01   0.123427E-01
   0.101582E-01   0.132157E-01   0.191435E-01   0.248766E-01   0.283907E-01
   0.291697E-01   0.275642E-01   0.240479E-01   0.191707E-01   0.137443E-01
   0.889978E-02   0.595268E-02   0.560398E-02   0.767729E-02   0.110834E-01
   0.137104E-01   0.130294E-01   0.760879E-02  -0.160833E-02  -0.117280E-01
  -0.195441E-01  -0.233633E-01  -0.232397E-01  -0.200757E-01  -0.149455E-01
  -0.867021E-02  -0.197834E-02   0.437101E-02   0.940985E-02   0.118220E-01
   0.105870E-01   0.624120E-02   0.662458E-03  -0.335472E-02  -0.314092E-02
   0.224826E-02   0.111865E-01   0.202254E-01   0.261382E-01   0.272974E-01
   0.235355E-01   0.163378E-01   0.866719E-02   0.333946E-02   0.123547E-02
   0.978621E-03   0.175168E-03  -0.249317E-02  -0.660199E-02  -0.111204E-01
  -0.156062E-01  -0.205187E-01  -0.262656E-01  -0.320152E-01  -0.359636E-01
  -0.361301E-01  -0.312181E-01  -0.216074E-01  -0.989724E-02   0.685258E-04
   0.488765E-02   0.347516E-02  -0.276896E-02  -0.111005E-01  -0.187011E-01
  -0.237059E-01  -0.257480E-01  -0.255681E-01  -0.239726E-01  -0.216003E-01
  -0.192521E-01  -0.177508E-01  -0.174807E-01  -0.184274E-01  -0.205079E-01
  -0.237208E-01  -0.277465E-01  -0.317630E-01  -0.347259E-01  -0.358773E-01
  -0.350917E-01  -0.330914E-01  -0.310547E-01  -0.300615E-01  -0.305550E-01
  -0.318777E-01  -0.325332E-01  -0.311257E-01  -0.272683E-01  -0.216523E-01
  -0.155439E-01  -0.102555E-01  -0.678989E-02  -0.575729E-02  -0.684078E-02
  -0.898284E-02  -0.108882E-01  -0.111804E-01  -0.887587E-02  -0.392374E-02
   0.244839E-02   0.831555E-02   0.118619E-01   0.115785E-01   0.684581E-02
  -0.124176E-02  -0.997268E-02  -0.160193E-01  -0.167781E-01  -0.117187E-01
  -0.274737E-02   0.732766E-02   0.163760E-01   0.237606E-01   0.296580E-01
   0.337153E-01   0.348823E-01   0.325622E-01   0.276279E-01   0.223272E-01
   0.194682E-01   0.212370E-01   0.284864E-01   0.395486E-01   0.505138E-01
   0.569049E-01   0.556627E-01   0.462987E-01   0.306947E-01   0.122896E-01
  -0.466978E-02  -0.158250E-01  -0.180349E-01  -0.107051E-01   0.407147E-02
   0.220222E-01   0.381332E-01   0.480139E-01   0.494466E-01   0.430211E-01
   0.311725E-01   0.173336E-01   0.472071E-02  -0.465736E-02  -0.104566E-01
  -0.135713E-01  -0.153395E-01  -0.168984E-01  -0.183091E-01  -0.189132E-01
  -0.186331E-01  -0.184388E-01  -0.199154E-01  -0.244848E-01  -0.323517E-01
  -0.424004E-01  -0.524252E-01  -0.594674E-01  -0.611118E-01  -0.568482E-01
  -0.481901E-01  -0.376354E-01  -0.272813E-01  -0.187103E-01  -0.126842E-01
  -0.839695E-02  -0.418226E-02   0.132974E-02   0.866521E-02   0.172448E-01
   0.258530E-01   0.338635E-01   0.414105E-01   0.485253E-01   0.547294E-01
   0.592661E-01   0.617251E-01   0.624285E-01   0.621513E-01   0.613999E-01
   0.600877E-01   0.576592E-01   0.536010E-01   0.477232E-01   0.402273E-01
   0.317315E-01   0.228451E-01   0.139796E-01   0.539270E-02  -0.332572E-02
  -0.130617E-01  -0.242134E-01  -0.357301E-01  -0.451113E-01  -0.497679E-01
  -0.483111E-01  -0.413815E-01  -0.315492E-01  -0.218321E-01  -0.141029E-01
  -0.819609E-02  -0.199962E-02   0.698909E-02   0.201897E-01   0.370627E-01
   0.550430E-01   0.707596E-01   0.815355E-01   0.863766E-01   0.862629E-01
   0.838655E-01   0.820871E-01   0.827175E-01   0.861399E-01   0.915246E-01
   0.974443E-01   0.101966E+00   0.103063E+00   0.997444E-01   0.923139E-01
   0.814628E-01   0.682847E-01   0.542470E-01   0.411376E-01   0.308087E-01
   0.246557E-01   0.231680E-01   0.254350E-01   0.287957E-01   0.295711E-01
   0.246415E-01   0.132468E-01  -0.260746E-02  -0.194183E-01  -0.339726E-01
  -0.444354E-01  -0.500856E-01  -0.509415E-01  -0.481061E-01  -0.440095E-01
  -0.419121E-01  -0.446149E-01  -0.532601E-01  -0.676716E-01  -0.866648E-01
  -0.108285E+00  -0.129892E+00  -0.147897E+00  -0.158084E+00  -0.156806E+00
  -0.142666E+00  -0.117969E+00  -0.882278E-01  -0.604051E-01  -0.408140E-01
  -0.330088E-01  -0.368250E-01  -0.483805E-01  -0.613751E-01  -0.703465E-01
  -0.733257E-01  -0.716144E-01  -0.686479E-01  -0.675720E-01  -0.692348E-01
  -0.713672E-01  -0.695810E-01  -0.599970E-01  -0.408455E-01  -0.130629E-01
   0.196358E-01   0.516908E-01   0.778246E-01   0.948599E-01   0.102123E+00
   0.100723E+00   0.925461E-01   0.800063E-01   0.660944E-01   0.536136E-01
   0.442586E-01   0.384666E-01   0.355689E-01   0.339552E-01   0.321544E-01
   0.293983E-01   0.261237E-01   0.242830E-01   0.260148E-01   0.316892E-01
   0.393139E-01   0.459825E-01   0.495454E-01   0.488937E-01   0.442069E-01
   0.372156E-01   0.303305E-01   0.254217E-01   0.230045E-01   0.221779E-01
   0.214076E-01   0.188965E-01   0.124393E-01  -0.378365E-03  -0.212056E-01
  -0.497913E-01  -0.834810E-01  -0.118247E+00  -0.149930E+00  -0.174964E+00
  -0.190913E+00  -0.197174E+00  -0.195486E+00  -0.189610E+00  -0.183766E+00
  -0.180726E+00  -0.181330E+00  -0.184970E+00  -0.190537E+00  -0.197075E+00
  -0.203659E+00  -0.207897E+00  -0.204506E+00  -0.187885E+00  -0.156112E+00
  -0.112707E+00  -0.653070E-01  -0.222547E-01   0.104201E-01   0.301240E-01
   0.381845E-01   0.387412E-01   0.368087E-01   0.370263E-01   0.429026E-01
   0.563129E-01   0.769746E-01   0.102669E+00   0.130287E+00   0.156617E+00
   0.178978E+00   0.195779E+00   0.206386E+00   0.211357E+00   0.211916E+00
   0.209138E+00   0.203361E+00   0.194217E+00   0.181194E+00   0.164588E+00
   0.146165E+00   0.129089E+00   0.116618E+00   0.110898E+00   0.112095E+00
   0.118118E+00   0.125752E+00   0.132232E+00   0.134983E+00   0.131992E+00
   0.122941E+00   0.108742E+00   0.909141E-01   0.712485E-01   0.516399E-01
   0.334711E-01   0.174376E-01   0.364735E-02  -0.852210E-02  -0.203084E-01
  -0.327889E-01  -0.466511E-01  -0.616843E-01  -0.759992E-01  -0.868660E-01
  -0.924190E-01  -0.925083E-01  -0.885183E-01  -0.826465E-01  -0.766894E-01
  -0.710972E-01  -0.650919E-01  -0.576501E-01  -0.481718E-01  -0.369303E-01
  -0.255583E-01  -0.164730E-01  -0.117902E-01  -0.124349E-01  -0.170675E-01
  -0.223675E-01  -0.246664E-01  -0.209065E-01  -0.100023E-01   0.634417E-02
   0.245694E-01   0.407303E-01   0.513743E-01   0.537635E-01   0.460495E-01
   0.277240E-01   0.371318E-03  -0.322009E-01  -0.648317E-01  -0.922956E-01
  -0.110624E+00  -0.117895E+00  -0.114521E+00  -0.102885E+00  -0.867168E-01
  -0.704693E-01  -0.586304E-01  -0.541482E-01  -0.570504E-01  -0.649490E-01
  -0.745049E-01  -0.825918E-01  -0.869415E-01  -0.869184E-01  -0.835030E-01
  -0.783495E-01  -0.728115E-01  -0.674574E-01  -0.622776E-01  -0.572814E-01
  -0.527687E-01  -0.494829E-01  -0.481421E-01  -0.491550E-01  -0.524680E-01
  -0.575827E-01  -0.639644E-01  -0.710419E-01  -0.779436E-01  -0.837347E-01
  -0.867933E-01  -0.839260E-01  -0.713354E-01  -0.473182E-01  -0.139194E-01
   0.233697E-01   0.573611E-01   0.817636E-01   0.932284E-01   0.918646E-01
   0.804413E-01   0.635485E-01   0.463024E-01   0.328251E-01   0.250612E-01
   0.230592E-01   0.256674E-01   0.309384E-01   0.364524E-01   0.398146E-01
   0.388822E-01   0.324112E-01   0.198920E-01   0.160410E-02  -0.208169E-01
  -0.446755E-01  -0.672208E-01  -0.857877E-01  -0.982906E-01  -0.103764E+00
  -0.102555E+00  -0.962248E-01  -0.873295E-01  -0.788651E-01  -0.728268E-01
  -0.691972E-01  -0.662138E-01  -0.612888E-01  -0.523246E-01  -0.385745E-01
  -0.206997E-01  -0.277369E-03   0.210337E-01   0.418324E-01   0.611986E-01
   0.791153E-01   0.962498E-01   0.113177E+00   0.129487E+00   0.144057E+00
   0.155654E+00   0.163224E+00   0.166073E+00   0.163964E+00   0.157212E+00
   0.147499E+00   0.137360E+00   0.129051E+00   0.123615E+00   0.120676E+00
   0.118724E+00   0.115697E+00   0.109058E+00   0.969269E-01   0.787663E-01
   0.552505E-01   0.282750E-01   0.311788E-03  -0.264210E-01  -0.502691E-01
  -0.699495E-01  -0.842375E-01  -0.919396E-01  -0.922610E-01  -0.856874E-01
  -0.740739E-01  -0.599977E-01  -0.462312E-01  -0.350958E-01  -0.271721E-01
  -0.208965E-01  -0.135100E-01  -0.231438E-02   0.142793E-01   0.359378E-01
   0.603044E-01   0.838484E-01   0.102890E+00   0.114065E+00   0.115293E+00
   0.107079E+00   0.916032E-01   0.718689E-01   0.511449E-01   0.321636E-01
   0.166959E-01   0.566443E-02  -0.677828E-03  -0.265490E-02  -0.961899E-03
   0.330561E-02   0.824727E-02   0.115366E-01   0.110335E-01   0.540449E-02
  -0.520382E-02  -0.194606E-01  -0.351302E-01  -0.495173E-01  -0.602565E-01
  -0.658767E-01  -0.662397E-01  -0.621341E-01  -0.545154E-01  -0.444162E-01
  -0.329703E-01  -0.214394E-01  -0.113993E-01  -0.422865E-02  -0.489555E-03
   0.202931E-03  -0.760497E-03  -0.157469E-02  -0.305992E-03   0.471359E-02
   0.137642E-01   0.252908E-01   0.363683E-01   0.434911E-01   0.434436E-01
   0.345298E-01   0.177210E-01  -0.355913E-02  -0.247009E-01  -0.418049E-01
  -0.531031E-01  -0.584526E-01  -0.583951E-01  -0.541309E-01  -0.473794E-01
  -0.398434E-01  -0.331121E-01  -0.284746E-01  -0.269252E-01  -0.288877E-01
  -0.336911E-01  -0.393877E-01  -0.435887E-01  -0.439122E-01  -0.379104E-01
  -0.239728E-01  -0.223235E-02   0.249848E-01   0.537514E-01   0.793259E-01
   0.973678E-01   0.105318E+00   0.103329E+00   0.941423E-01   0.818971E-01
   0.706583E-01   0.636079E-01   0.624640E-01   0.669360E-01   0.747199E-01
   0.823506E-01   0.864427E-01   0.846462E-01   0.760982E-01   0.613434E-01
   0.419108E-01   0.197263E-01  -0.276566E-02  -0.228517E-01  -0.380521E-01
  -0.464748E-01  -0.471496E-01  -0.411736E-01  -0.318905E-01  -0.236574E-01
  -0.202075E-01  -0.232140E-01  -0.315743E-01  -0.420536E-01  -0.504302E-01
  -0.529336E-01  -0.483184E-01  -0.381816E-01  -0.251385E-01  -0.119260E-01
  -0.523855E-03   0.849741E-02   0.161922E-01   0.241452E-01   0.330258E-01
   0.422050E-01   0.499618E-01   0.544214E-01   0.548642E-01   0.521207E-01
   0.480143E-01   0.447364E-01   0.443346E-01   0.478754E-01   0.550448E-01
   0.643953E-01   0.738180E-01   0.808893E-01   0.831345E-01   0.787653E-01
   0.673428E-01   0.497535E-01   0.280404E-01   0.485710E-02  -0.170786E-01
  -0.350304E-01  -0.472058E-01  -0.534842E-01  -0.551026E-01  -0.541756E-01
  -0.532890E-01  -0.546682E-01  -0.595135E-01  -0.676386E-01  -0.771457E-01
  -0.851461E-01  -0.894130E-01  -0.892431E-01  -0.852943E-01  -0.789005E-01
  -0.716379E-01  -0.650482E-01  -0.596951E-01  -0.554222E-01  -0.520069E-01
  -0.494727E-01  -0.481186E-01  -0.480754E-01  -0.494135E-01  -0.518756E-01
  -0.544278E-01  -0.552583E-01  -0.525910E-01  -0.456439E-01  -0.353217E-01
  -0.237780E-01  -0.136961E-01  -0.787460E-02  -0.806587E-02  -0.140456E-01
  -0.239582E-01  -0.351446E-01  -0.449794E-01  -0.516510E-01  -0.544180E-01
  -0.533343E-01  -0.491975E-01  -0.427021E-01  -0.339020E-01  -0.229636E-01
  -0.107385E-01   0.127986E-02   0.114582E-01   0.184380E-01   0.215899E-01
   0.213675E-01   0.193174E-01   0.176507E-01   0.180778E-01   0.211903E-01
   0.264328E-01   0.321618E-01   0.366457E-01   0.386166E-01   0.376201E-01
   0.342314E-01   0.299540E-01   0.263814E-01   0.247879E-01   0.259774E-01
   0.298655E-01   0.353646E-01   0.410239E-01   0.454906E-01   0.481804E-01
   0.493631E-01   0.495271E-01   0.490146E-01   0.479899E-01   0.463942E-01
   0.444706E-01   0.432048E-01   0.440905E-01   0.481873E-01   0.555860E-01
   0.653825E-01   0.760167E-01   0.853832E-01   0.913692E-01   0.925543E-01
   0.887430E-01   0.810604E-01   0.714014E-01   0.617780E-01   0.539269E-01
   0.490880E-01   0.478306E-01   0.501411E-01   0.553691E-01   0.625602E-01
   0.703187E-01   0.770758E-01   0.814458E-01   0.822680E-01   0.789621E-01
   0.711889E-01   0.584322E-01   0.404424E-01   0.182987E-01  -0.512636E-02
  -0.261434E-01  -0.411282E-01  -0.474554E-01  -0.452039E-01  -0.372744E-01
  -0.277966E-01  -0.202772E-01  -0.171960E-01  -0.198285E-01  -0.274693E-01
  -0.379449E-01  -0.482475E-01  -0.554030E-01  -0.579029E-01  -0.557085E-01
  -0.500845E-01  -0.432021E-01  -0.373706E-01  -0.343716E-01  -0.349208E-01
  -0.386877E-01  -0.446788E-01  -0.513956E-01  -0.574446E-01  -0.620437E-01
  -0.649661E-01  -0.663885E-01  -0.668193E-01  -0.667495E-01  -0.666344E-01
  -0.665802E-01  -0.664720E-01  -0.660638E-01  -0.645998E-01  -0.614247E-01
  -0.563847E-01  -0.495831E-01  -0.417134E-01  -0.340685E-01  -0.281542E-01
  -0.249581E-01  -0.245332E-01  -0.260865E-01  -0.285613E-01  -0.314180E-01
  -0.342675E-01  -0.366517E-01  -0.382543E-01  -0.386216E-01  -0.368907E-01
  -0.323334E-01  -0.254042E-01  -0.174745E-01  -0.103530E-01  -0.567955E-02
  -0.430545E-02  -0.606521E-02  -0.971661E-02  -0.132698E-01  -0.149151E-01
  -0.138163E-01  -0.103891E-01  -0.603515E-02  -0.275284E-02  -0.259995E-02
  -0.650204E-02  -0.135546E-01  -0.220333E-01  -0.295432E-01  -0.334432E-01
  -0.320068E-01  -0.250619E-01  -0.142334E-01  -0.195852E-02   0.972589E-02
   0.194635E-01   0.268116E-01   0.320838E-01   0.360780E-01   0.397833E-01
   0.439090E-01   0.488097E-01   0.543643E-01   0.601039E-01   0.655860E-01
   0.702652E-01   0.730648E-01   0.732137E-01   0.706006E-01   0.653301E-01
   0.580381E-01   0.498522E-01   0.418487E-01   0.349780E-01   0.297299E-01
   0.263525E-01   0.247790E-01   0.249602E-01   0.264480E-01   0.281846E-01
   0.289371E-01   0.278160E-01   0.246353E-01   0.198729E-01   0.142575E-01
   0.860895E-02   0.411001E-02   0.184887E-02   0.255032E-02   0.648415E-02
   0.130172E-01   0.210735E-01   0.297046E-01   0.378992E-01   0.442724E-01
   0.471950E-01   0.453306E-01   0.382959E-01   0.270418E-01   0.137460E-01
   0.895787E-03  -0.950297E-02  -0.160393E-01  -0.182055E-01  -0.170494E-01
  -0.144242E-01  -0.120785E-01  -0.112756E-01  -0.126157E-01  -0.156787E-01
  -0.192073E-01  -0.221423E-01  -0.243377E-01  -0.261742E-01  -0.280636E-01
  -0.306891E-01  -0.346252E-01  -0.397622E-01  -0.454929E-01  -0.506951E-01
  -0.540566E-01  -0.549765E-01  -0.538804E-01  -0.522124E-01  -0.517727E-01
  -0.539131E-01  -0.588738E-01  -0.658722E-01  -0.731669E-01  -0.784552E-01
  -0.798721E-01  -0.765457E-01  -0.689161E-01  -0.584955E-01  -0.472733E-01
  -0.372296E-01  -0.302136E-01  -0.273653E-01  -0.283596E-01  -0.317226E-01
  -0.353566E-01  -0.372583E-01  -0.363355E-01  -0.326821E-01  -0.271696E-01
  -0.208636E-01  -0.146022E-01  -0.865898E-02  -0.263859E-02   0.412201E-02
   0.115885E-01   0.185658E-01   0.233522E-01   0.247769E-01   0.226766E-01
   0.179690E-01   0.123806E-01   0.816359E-02   0.717161E-02   0.986666E-02
   0.155763E-01   0.232817E-01   0.316613E-01   0.393065E-01   0.448314E-01
   0.468971E-01   0.446553E-01   0.374954E-01   0.256263E-01   0.110611E-01
  -0.275042E-02  -0.122415E-01  -0.150980E-01  -0.109930E-01  -0.178326E-02
   0.890296E-02   0.166523E-01   0.181410E-01   0.124577E-01   0.103774E-02
  -0.130852E-01  -0.264014E-01  -0.357883E-01  -0.394138E-01  -0.374910E-01
  -0.318213E-01  -0.244874E-01  -0.171543E-01  -0.107623E-01  -0.571045E-02
  -0.193834E-02   0.100187E-02   0.381086E-02   0.699994E-02   0.108673E-01
   0.152090E-01   0.191950E-01   0.219425E-01   0.230742E-01   0.228736E-01
   0.222737E-01   0.226663E-01   0.249484E-01   0.291137E-01   0.342143E-01
   0.384010E-01   0.396048E-01   0.361968E-01   0.277798E-01   0.157561E-01
   0.323678E-02  -0.617365E-02  -0.987909E-02  -0.686731E-02   0.155849E-02
   0.121058E-01   0.212559E-01   0.264166E-01   0.262703E-01   0.210273E-01
   0.121520E-01   0.166963E-02  -0.838971E-02  -0.165130E-01  -0.223245E-01
  -0.260973E-01  -0.283212E-01  -0.295117E-01  -0.297653E-01  -0.289382E-01
  -0.271948E-01  -0.249635E-01  -0.226819E-01  -0.202665E-01  -0.173831E-01
  -0.140625E-01  -0.106316E-01  -0.769365E-02  -0.585644E-02  -0.592622E-02
  -0.828050E-02  -0.120829E-01  -0.157049E-01  -0.175024E-01  -0.168111E-01
  -0.143304E-01  -0.115717E-01  -0.100828E-01  -0.108259E-01  -0.138168E-01
  -0.179756E-01  -0.216346E-01  -0.234596E-01  -0.230508E-01  -0.208156E-01
  -0.176321E-01  -0.139480E-01  -0.951784E-02  -0.388812E-02   0.336400E-02
   0.118205E-01   0.203183E-01   0.273622E-01   0.316873E-01   0.328389E-01
   0.312933E-01   0.283400E-01   0.259671E-01   0.261569E-01   0.298710E-01
   0.367203E-01   0.451737E-01   0.533810E-01   0.599215E-01   0.642206E-01
   0.660178E-01   0.653729E-01   0.624965E-01   0.575483E-01   0.510353E-01
   0.436013E-01   0.357315E-01   0.277014E-01   0.197588E-01   0.123089E-01
   0.598468E-02   0.154755E-02  -0.720096E-03  -0.156795E-02  -0.209632E-02
  -0.323832E-02  -0.565203E-02  -0.967953E-02  -0.149438E-01  -0.204552E-01
  -0.251615E-01  -0.281509E-01  -0.291018E-01  -0.286979E-01  -0.278194E-01
  -0.268318E-01  -0.257515E-01  -0.238501E-01  -0.204059E-01  -0.155010E-01
  -0.958130E-02  -0.327493E-02   0.270548E-02   0.774340E-02   0.118911E-01
   0.155858E-01   0.190670E-01   0.226273E-01   0.263897E-01   0.300118E-01
   0.332364E-01   0.361665E-01   0.384319E-01   0.394977E-01   0.393250E-01
   0.380262E-01   0.354737E-01   0.317224E-01   0.270399E-01   0.213173E-01
   0.146170E-01   0.771930E-02   0.154391E-02  -0.309111E-02  -0.559244E-02
  -0.596558E-02  -0.509245E-02  -0.439968E-02  -0.501415E-02  -0.759397E-02
  -0.124232E-01  -0.188968E-01  -0.254255E-01  -0.304941E-01  -0.333349E-01
  -0.338682E-01  -0.324694E-01  -0.295462E-01  -0.254539E-01  -0.207343E-01
  -0.159896E-01  -0.121096E-01  -0.102406E-01  -0.112169E-01  -0.152758E-01
  -0.217459E-01  -0.292217E-01  -0.361809E-01  -0.411830E-01  -0.429819E-01
  -0.409213E-01  -0.354092E-01  -0.281242E-01  -0.210732E-01  -0.156892E-01
  -0.129189E-01  -0.128284E-01  -0.145253E-01  -0.167824E-01  -0.187834E-01
  -0.201039E-01  -0.203519E-01  -0.192068E-01  -0.164856E-01  -0.119876E-01
  -0.585757E-02   0.137282E-02   0.885130E-02   0.151240E-01   0.187430E-01
   0.193598E-01   0.178179E-01   0.154760E-01   0.136686E-01   0.133198E-01
   0.144989E-01   0.162783E-01   0.174749E-01   0.174554E-01   0.164175E-01
   0.153411E-01   0.154042E-01   0.172145E-01   0.204957E-01   0.243044E-01
   0.275049E-01   0.288032E-01   0.271605E-01   0.227686E-01   0.169456E-01
   0.117259E-01   0.888098E-02   0.934868E-02   0.130476E-01   0.186363E-01
   0.236592E-01   0.258302E-01   0.240656E-01   0.184946E-01   0.104164E-01
   0.188314E-02  -0.496316E-02  -0.896148E-02  -0.100982E-01  -0.892338E-02
  -0.625044E-02  -0.304231E-02  -0.135738E-03   0.177355E-02   0.243416E-02
   0.165716E-02  -0.830481E-03  -0.504664E-02  -0.107395E-01  -0.173945E-01
  -0.243506E-01  -0.306638E-01  -0.351587E-01  -0.368168E-01  -0.351137E-01
  -0.304956E-01  -0.240621E-01  -0.168508E-01  -0.103244E-01  -0.611913E-02
  -0.518966E-02  -0.743772E-02  -0.119252E-01  -0.173194E-01  -0.223487E-01
  -0.257327E-01  -0.265365E-01  -0.247463E-01  -0.212341E-01  -0.172691E-01
  -0.137734E-01  -0.113667E-01  -0.104653E-01  -0.111217E-01  -0.126258E-01
  -0.138235E-01  -0.138851E-01  -0.124926E-01  -0.972228E-02  -0.606297E-02
  -0.234775E-02   0.292602E-03   0.883941E-03  -0.870345E-03  -0.407530E-02
  -0.736477E-02  -0.989467E-02  -0.116354E-01  -0.127466E-01  -0.133188E-01
  -0.134314E-01  -0.128148E-01  -0.107031E-01  -0.628178E-02   0.268694E-03
   0.756093E-02   0.138044E-01   0.174698E-01   0.177755E-01   0.153056E-01
   0.118446E-01   0.961831E-02   0.102909E-01   0.142498E-01   0.206385E-01
   0.278087E-01   0.339624E-01   0.379661E-01   0.392936E-01   0.380666E-01
   0.350448E-01   0.310152E-01   0.262497E-01   0.210709E-01   0.162232E-01
   0.128310E-01   0.119562E-01   0.139334E-01   0.181392E-01   0.229622E-01
   0.263933E-01   0.267358E-01   0.230712E-01   0.158171E-01   0.681794E-02
  -0.179001E-02  -0.823554E-02  -0.114624E-01  -0.114121E-01  -0.856701E-02
  -0.381707E-02   0.158669E-02   0.634847E-02   0.933519E-02   0.985204E-02
   0.771124E-02   0.329483E-02  -0.254786E-02  -0.860820E-02  -0.132321E-01
  -0.144046E-01  -0.111938E-01  -0.429378E-02   0.457943E-02   0.130264E-01
   0.185244E-01   0.193027E-01   0.150303E-01   0.727550E-02  -0.106387E-02
  -0.732472E-02  -0.102695E-01  -0.104108E-01  -0.944121E-02  -0.902071E-02
  -0.101311E-01  -0.127755E-01  -0.161690E-01  -0.194639E-01  -0.221357E-01
  -0.242792E-01  -0.267911E-01  -0.304773E-01  -0.354097E-01  -0.408306E-01
  -0.450496E-01  -0.468532E-01  -0.458351E-01  -0.420896E-01  -0.363195E-01
  -0.298299E-01  -0.240181E-01  -0.197764E-01  -0.173149E-01  -0.160070E-01
  -0.150937E-01  -0.141660E-01  -0.132419E-01  -0.124364E-01  -0.118700E-01
  -0.116507E-01  -0.115300E-01  -0.108163E-01  -0.892405E-02  -0.594905E-02
  -0.273191E-02  -0.220761E-03   0.108342E-02   0.626685E-03  -0.170738E-02
  -0.500002E-02  -0.801647E-02  -0.991356E-02  -0.103483E-01  -0.969262E-02
  -0.874865E-02  -0.812667E-02  -0.814164E-02  -0.879621E-02  -0.958882E-02
  -0.973414E-02  -0.865780E-02  -0.613880E-02  -0.219562E-02   0.293156E-02
   0.885296E-02   0.147067E-01   0.193555E-01   0.220688E-01   0.228514E-01
   0.218284E-01   0.193093E-01   0.159899E-01   0.129262E-01   0.110386E-01
   0.108017E-01   0.124753E-01   0.161785E-01   0.213213E-01   0.265587E-01
   0.304322E-01   0.319963E-01   0.309377E-01   0.276573E-01   0.233513E-01
   0.195496E-01   0.174373E-01   0.173582E-01   0.188186E-01   0.208471E-01
   0.223889E-01   0.228022E-01   0.220564E-01   0.207474E-01   0.198198E-01
   0.199239E-01   0.211256E-01   0.229262E-01   0.246459E-01   0.258430E-01
   0.263010E-01   0.258837E-01   0.244964E-01   0.222450E-01   0.192310E-01
   0.155977E-01   0.119169E-01   0.894680E-02   0.743188E-02   0.752983E-02
   0.862159E-02   0.973533E-02   0.979789E-02   0.797032E-02   0.390017E-02
  -0.205742E-02  -0.886130E-02  -0.151860E-01  -0.198956E-01  -0.223110E-01
  -0.221141E-01  -0.195764E-01  -0.156740E-01  -0.111859E-01  -0.668143E-02
  -0.279605E-02  -0.202712E-03   0.761899E-03   0.317196E-03  -0.113918E-02
  -0.279358E-02  -0.393151E-02  -0.389712E-02  -0.220179E-02   0.960904E-03
   0.490533E-02   0.884048E-02   0.120998E-01   0.140756E-01   0.144036E-01
   0.131158E-01   0.102974E-01   0.607013E-02   0.915043E-03  -0.455832E-02
  -0.971530E-02  -0.138942E-01  -0.165206E-01  -0.173895E-01  -0.169315E-01
  -0.157859E-01  -0.147332E-01  -0.147408E-01  -0.163326E-01  -0.192103E-01
  -0.226322E-01  -0.259150E-01  -0.283694E-01  -0.294764E-01  -0.290175E-01
  -0.269923E-01  -0.239247E-01  -0.203010E-01  -0.161074E-01  -0.114517E-01
  -0.673110E-02  -0.207653E-02   0.222492E-02   0.534443E-02   0.640306E-02
   0.497913E-02   0.146308E-02  -0.343248E-02  -0.868505E-02  -0.130745E-01
  -0.156659E-01  -0.159416E-01  -0.135253E-01  -0.854179E-02  -0.185128E-02
   0.526241E-02   0.114884E-01   0.157020E-01   0.171844E-01   0.157622E-01
   0.117963E-01   0.635422E-02   0.893748E-03  -0.333878E-02  -0.532202E-02
  -0.441722E-02  -0.721336E-03   0.502322E-02   0.115606E-01   0.173882E-01
   0.212043E-01   0.222388E-01   0.203964E-01   0.163419E-01   0.115309E-01
   0.733978E-02   0.466370E-02   0.403189E-02   0.501889E-02   0.675699E-02
   0.860061E-02   0.101729E-01   0.112932E-01   0.118371E-01   0.119116E-01
   0.117133E-01   0.113405E-01   0.111677E-01   0.117669E-01   0.133167E-01
   0.159791E-01   0.196929E-01   0.237811E-01   0.274783E-01   0.301848E-01
   0.315507E-01   0.316893E-01   0.311684E-01   0.306766E-01   0.306487E-01
   0.313352E-01   0.327431E-01   0.343755E-01   0.356287E-01   0.361743E-01
   0.357347E-01   0.343202E-01   0.320163E-01   0.288752E-01   0.252955E-01
   0.219216E-01   0.192470E-01   0.173561E-01   0.159906E-01   0.149667E-01
   0.140539E-01   0.126496E-01   0.102976E-01   0.701412E-02   0.312848E-02
  -0.100568E-02  -0.499944E-02  -0.812383E-02  -0.976904E-02  -0.994988E-02
  -0.912325E-02  -0.771160E-02  -0.593390E-02  -0.408326E-02  -0.305892E-02
  -0.356708E-02  -0.548330E-02  -0.838649E-02  -0.117646E-01  -0.147686E-01
  -0.164942E-01  -0.161552E-01  -0.133323E-01  -0.863072E-02  -0.352465E-02
   0.392184E-03   0.188469E-02   0.418550E-03  -0.379358E-02  -0.994569E-02
  -0.168062E-01  -0.229990E-01  -0.270168E-01  -0.278679E-01  -0.256700E-01
  -0.213822E-01  -0.161823E-01  -0.112640E-01  -0.793257E-02  -0.693321E-02
  -0.793586E-02  -0.986997E-02  -0.118017E-01  -0.130939E-01  -0.130575E-01
  -0.113656E-01  -0.832414E-02  -0.431780E-02   0.192878E-04   0.395677E-02
   0.718112E-02   0.944748E-02   0.104153E-01   0.994634E-02   0.811915E-02
   0.544791E-02   0.289333E-02   0.101649E-02  -0.247933E-03  -0.116709E-02
  -0.211442E-02  -0.361597E-02  -0.599806E-02  -0.912040E-02  -0.124334E-01
  -0.152478E-01  -0.170534E-01  -0.177715E-01  -0.176842E-01  -0.174911E-01
  -0.178739E-01  -0.189388E-01  -0.202255E-01  -0.212864E-01  -0.219119E-01
  -0.222570E-01  -0.226522E-01  -0.230571E-01  -0.233335E-01  -0.237390E-01
  -0.244852E-01  -0.253655E-01  -0.261991E-01  -0.270005E-01  -0.274273E-01
  -0.269868E-01  -0.255982E-01  -0.234662E-01  -0.209529E-01  -0.183087E-01
  -0.157423E-01  -0.135589E-01  -0.117862E-01  -0.102641E-01  -0.887501E-02
  -0.754116E-02  -0.632539E-02  -0.540324E-02  -0.479735E-02  -0.432328E-02
  -0.360399E-02  -0.236723E-02  -0.865035E-03   0.175249E-03   0.222257E-04
  -0.161142E-02  -0.461017E-02  -0.849973E-02  -0.125968E-01  -0.159818E-01
  -0.179526E-01  -0.184177E-01  -0.177903E-01  -0.162718E-01  -0.140804E-01
  -0.117812E-01  -0.986362E-02  -0.868894E-02  -0.845719E-02  -0.911845E-02
  -0.106561E-01  -0.130680E-01  -0.161065E-01  -0.191754E-01  -0.215849E-01
  -0.228296E-01  -0.228718E-01  -0.218823E-01  -0.200862E-01  -0.180275E-01
  -0.162676E-01  -0.151946E-01  -0.149861E-01  -0.156927E-01  -0.169076E-01
  -0.179404E-01  -0.180853E-01  -0.170025E-01  -0.148491E-01  -0.121037E-01
  -0.941003E-02  -0.748112E-02  -0.698728E-02  -0.800557E-02  -0.100142E-01
  -0.123977E-01  -0.143138E-01  -0.148952E-01  -0.137863E-01  -0.113509E-01
  -0.860274E-02  -0.683222E-02  -0.678375E-02  -0.850892E-02  -0.115469E-01
  -0.150991E-01  -0.183505E-01  -0.203612E-01  -0.204127E-01  -0.184074E-01
  -0.146870E-01  -0.975381E-02  -0.430461E-02   0.703854E-03   0.440648E-02
   0.641873E-02   0.696385E-02   0.666753E-02   0.642725E-02   0.713180E-02
   0.934736E-02   0.129399E-01   0.172306E-01   0.215405E-01   0.255463E-01
   0.291239E-01   0.322874E-01   0.353927E-01   0.388914E-01   0.427845E-01
   0.464966E-01   0.494313E-01   0.512795E-01   0.519131E-01   0.513660E-01
   0.498684E-01   0.477875E-01   0.457026E-01   0.440197E-01   0.428547E-01
   0.421359E-01   0.417244E-01   0.413594E-01   0.407171E-01   0.398753E-01
   0.389100E-01   0.380243E-01   0.373177E-01   0.366095E-01   0.359587E-01
   0.355432E-01   0.353521E-01   0.351554E-01   0.345092E-01   0.330282E-01
   0.304351E-01   0.266266E-01   0.217559E-01   0.164016E-01   0.115576E-01
   0.818646E-02   0.710493E-02   0.862540E-02   0.120012E-01   0.159392E-01
   0.191392E-01   0.205430E-01   0.195932E-01   0.164522E-01   0.119143E-01
   0.720162E-02   0.354331E-02   0.163843E-02   0.180002E-02   0.406435E-02
   0.781315E-02   0.118540E-01   0.148562E-01   0.160392E-01   0.154180E-01
   0.134157E-01   0.104380E-01   0.711997E-02   0.460970E-02   0.334688E-02
   0.297215E-02   0.312616E-02   0.358727E-02   0.402790E-02   0.381514E-02
   0.241515E-02  -0.172684E-03  -0.353022E-02  -0.710903E-02  -0.104688E-01
  -0.127975E-01  -0.136010E-01  -0.134596E-01  -0.132030E-01  -0.133355E-01
  -0.140501E-01  -0.152419E-01  -0.168198E-01  -0.184803E-01  -0.197876E-01
  -0.205418E-01  -0.207808E-01  -0.205453E-01  -0.198980E-01  -0.189792E-01
  -0.177829E-01  -0.162821E-01  -0.145250E-01  -0.125645E-01  -0.105848E-01
  -0.910828E-02  -0.846159E-02  -0.852661E-02  -0.915528E-02  -0.102721E-01
  -0.118154E-01  -0.134269E-01  -0.146150E-01  -0.151404E-01  -0.150277E-01
  -0.142903E-01  -0.127738E-01  -0.107514E-01  -0.872880E-02  -0.714276E-02
  -0.609703E-02  -0.551354E-02  -0.516902E-02  -0.465320E-02  -0.338452E-02
  -0.828587E-03   0.292811E-02   0.689309E-02   0.100487E-01   0.115689E-01
   0.108836E-01   0.801570E-02   0.381638E-02  -0.590800E-03  -0.455800E-02
  -0.778953E-02  -0.100624E-01  -0.112262E-01  -0.113797E-01  -0.108304E-01
  -0.997337E-02  -0.923168E-02  -0.896510E-02  -0.918383E-02  -0.975389E-02
  -0.104023E-01  -0.108452E-01  -0.109791E-01  -0.107086E-01  -0.994640E-02
  -0.884352E-02  -0.773934E-02  -0.681043E-02  -0.588536E-02  -0.456094E-02
  -0.247694E-02   0.298993E-03   0.333977E-02   0.612887E-02   0.800328E-02
   0.842800E-02   0.710252E-02   0.420708E-02   0.528347E-03  -0.302276E-02
  -0.534898E-02  -0.541573E-02  -0.299190E-02   0.132927E-02   0.649447E-02
   0.112932E-01   0.147557E-01   0.162531E-01   0.154568E-01   0.129934E-01
   0.983193E-02   0.679250E-02   0.459733E-02   0.395067E-02   0.517183E-02
   0.790826E-02   0.112912E-01   0.143171E-01   0.162609E-01   0.167846E-01
   0.157600E-01   0.133135E-01   0.993836E-02   0.647502E-02   0.347592E-02
   0.998854E-03  -0.108459E-02  -0.273219E-02  -0.395702E-02  -0.489798E-02
  -0.549619E-02  -0.548784E-02  -0.490935E-02  -0.409159E-02  -0.341628E-02
  -0.324618E-02  -0.404217E-02  -0.593481E-02  -0.857542E-02  -0.113422E-01
  -0.135029E-01  -0.144339E-01  -0.136831E-01  -0.113822E-01  -0.807131E-02
  -0.458408E-02  -0.184404E-02  -0.574104E-03  -0.102831E-02  -0.291200E-02
  -0.571423E-02  -0.875706E-02  -0.110793E-01  -0.121122E-01  -0.118751E-01
  -0.107348E-01  -0.896214E-02  -0.676625E-02  -0.461100E-02  -0.309622E-02
  -0.254025E-02  -0.296582E-02  -0.445468E-02  -0.668047E-02  -0.883003E-02
  -0.102159E-01  -0.101993E-01  -0.861506E-02  -0.594514E-02  -0.272527E-02
   0.537504E-03   0.364845E-02   0.642271E-02   0.861530E-02   0.103200E-01
   0.115185E-01   0.120092E-01   0.116846E-01   0.105003E-01   0.867343E-02
   0.648872E-02   0.441771E-02   0.327271E-02   0.329816E-02   0.404059E-02
   0.497456E-02   0.577831E-02   0.629936E-02   0.663559E-02   0.689242E-02
   0.710920E-02   0.753252E-02   0.840122E-02   0.957675E-02   0.107108E-01
   0.117571E-01   0.126442E-01   0.131533E-01   0.131187E-01   0.127434E-01
   0.121429E-01   0.112140E-01   0.984549E-02   0.801825E-02   0.581964E-02
   0.328302E-02   0.558667E-03  -0.184764E-02  -0.340574E-02  -0.392228E-02
  -0.341611E-02  -0.213948E-02  -0.683234E-03   0.302956E-03   0.199544E-03
  -0.128212E-02  -0.367087E-02  -0.614653E-02  -0.806887E-02  -0.902722E-02
  -0.882126E-02  -0.736116E-02  -0.488239E-02  -0.199463E-02   0.800552E-03
   0.299712E-02   0.418332E-02   0.416052E-02   0.309257E-02   0.136048E-02
  -0.654898E-03  -0.246263E-02  -0.392952E-02  -0.516222E-02  -0.600684E-02
  -0.614323E-02  -0.561943E-02  -0.461659E-02  -0.342827E-02  -0.269802E-02
  -0.270151E-02  -0.335192E-02  -0.436078E-02  -0.517947E-02  -0.504426E-02
  -0.355001E-02  -0.101620E-02   0.198165E-02   0.496852E-02   0.727631E-02
   0.834824E-02   0.811228E-02   0.653174E-02   0.359266E-02  -0.261506E-03
  -0.434497E-02  -0.804017E-02  -0.106723E-01  -0.118042E-01  -0.115435E-01
  -0.104123E-01  -0.932848E-02  -0.918134E-02  -0.104507E-01  -0.131750E-01
  -0.167009E-01  -0.202297E-01  -0.230472E-01  -0.241880E-01  -0.232785E-01
  -0.208796E-01  -0.176623E-01  -0.140633E-01  -0.106180E-01  -0.783644E-02
  -0.600994E-02  -0.472960E-02  -0.387800E-02  -0.368107E-02  -0.379009E-02
  -0.350251E-02  -0.275240E-02  -0.172329E-02  -0.552084E-03   0.410625E-03
   0.919728E-03   0.105618E-02   0.106893E-02   0.112733E-02   0.127624E-02
   0.157674E-02   0.190751E-02   0.197786E-02   0.149115E-02   0.502298E-03
  -0.619979E-03  -0.168500E-02  -0.270341E-02  -0.388732E-02  -0.519200E-02
  -0.641704E-02  -0.763375E-02  -0.861558E-02  -0.932276E-02  -0.100321E-01
  -0.105249E-01  -0.105902E-01  -0.100125E-01  -0.872445E-02  -0.717866E-02
  -0.587960E-02  -0.487917E-02  -0.391252E-02  -0.287018E-02  -0.192374E-02
  -0.111548E-02  -0.519026E-03  -0.276692E-03  -0.432813E-03  -0.779219E-03
  -0.838206E-03  -0.537201E-03   0.229961E-05   0.916496E-03   0.215202E-02
   0.349059E-02   0.464285E-02   0.537858E-02   0.591824E-02   0.614881E-02
   0.578153E-02   0.494033E-02   0.402341E-02   0.345134E-02   0.359523E-02
   0.479364E-02   0.693677E-02   0.961507E-02   0.123790E-01   0.145167E-01
   0.154572E-01   0.149167E-01   0.131027E-01   0.104670E-01   0.736795E-02
   0.422580E-02   0.177645E-02   0.576376E-03   0.495214E-03   0.124546E-02
   0.260189E-02   0.420356E-02   0.557707E-02   0.637316E-02   0.645046E-02
   0.568620E-02   0.396351E-02   0.120281E-02  -0.203965E-02  -0.484504E-02
  -0.663137E-02  -0.721575E-02  -0.661059E-02  -0.506758E-02  -0.310905E-02
  -0.153495E-02  -0.987578E-03  -0.163003E-02  -0.319877E-02  -0.525988E-02
  -0.729816E-02  -0.868843E-02  -0.913505E-02  -0.877775E-02  -0.773979E-02
  -0.606715E-02  -0.407465E-02  -0.233257E-02  -0.119107E-02  -0.970002E-03
  -0.208790E-02  -0.414151E-02  -0.637972E-02  -0.832355E-02  -0.956743E-02
  -0.956505E-02  -0.814217E-02  -0.566450E-02  -0.267419E-02   0.205815E-03
   0.234029E-02   0.350452E-02   0.379968E-02   0.333043E-02   0.233232E-02
   0.125850E-02   0.395343E-03   0.940792E-04   0.550515E-03   0.158579E-02
   0.312477E-02   0.546654E-02   0.836295E-02   0.111873E-01   0.137219E-01
   0.157604E-01   0.169675E-01   0.170281E-01   0.158684E-01   0.140003E-01
   0.122996E-01   0.113027E-01   0.110920E-01   0.115980E-01   0.125135E-01
   0.133020E-01   0.134583E-01   0.126229E-01   0.107645E-01   0.819989E-02
   0.535759E-02   0.262009E-02   0.205371E-03  -0.180132E-02  -0.348066E-02
  -0.512645E-02  -0.679651E-02  -0.824223E-02  -0.946428E-02  -0.106224E-01
  -0.116006E-01  -0.119296E-01  -0.114576E-01  -0.105271E-01  -0.948808E-02
  -0.845943E-02  -0.750203E-02  -0.677218E-02  -0.623602E-02  -0.580764E-02
  -0.540578E-02  -0.496067E-02  -0.446288E-02  -0.376496E-02  -0.285955E-02
  -0.196705E-02  -0.133488E-02  -0.104633E-02  -0.101445E-02  -0.110878E-02
  -0.126265E-02  -0.148203E-02  -0.145442E-02  -0.105151E-02  -0.494189E-03
   0.307499E-04   0.406817E-03   0.536994E-03   0.348315E-03  -0.316440E-03
  -0.156928E-02  -0.314522E-02  -0.453249E-02  -0.548850E-02  -0.587398E-02
  -0.560568E-02  -0.458412E-02  -0.282163E-02  -0.668039E-03   0.134972E-02
   0.282247E-02   0.335821E-02   0.269260E-02   0.837712E-03  -0.172481E-02
  -0.417040E-02  -0.577752E-02  -0.621845E-02  -0.552181E-02  -0.375822E-02
  -0.138900E-02   0.574193E-03   0.160946E-02   0.168518E-02   0.947724E-03
  -0.191819E-03  -0.114717E-02  -0.145340E-02  -0.112687E-02  -0.285051E-03
   0.925868E-03   0.204264E-02   0.244938E-02   0.187626E-02   0.719332E-03
  -0.545119E-03  -0.165367E-02  -0.227750E-02  -0.212972E-02  -0.109137E-02
   0.753323E-03   0.294304E-02   0.486049E-02   0.608773E-02   0.644443E-02
   0.573565E-02   0.392131E-02   0.143169E-02  -0.116764E-02  -0.336728E-02
  -0.463658E-02  -0.492914E-02  -0.473553E-02  -0.454854E-02  -0.459694E-02
  -0.498611E-02  -0.573448E-02  -0.679084E-02  -0.792425E-02  -0.882971E-02
  -0.926506E-02  -0.891982E-02  -0.772129E-02  -0.582193E-02  -0.351931E-02
  -0.115751E-02   0.112194E-02   0.293494E-02   0.374412E-02   0.322727E-02
   0.192206E-02   0.491767E-03  -0.840390E-03  -0.174226E-02  -0.172567E-02
  -0.596203E-03   0.133119E-02   0.343555E-02   0.515181E-02   0.599999E-02
   0.560258E-02   0.389348E-02   0.125884E-02  -0.174269E-02  -0.448341E-02
  -0.659899E-02  -0.790393E-02  -0.830992E-02  -0.807343E-02  -0.756858E-02
  -0.665284E-02  -0.545783E-02  -0.454331E-02  -0.418269E-02  -0.429724E-02
  -0.477989E-02  -0.532081E-02  -0.552755E-02  -0.504180E-02  -0.340692E-02
  -0.830493E-03   0.215363E-02   0.524831E-02   0.829564E-02   0.111536E-01
   0.138256E-01   0.162898E-01   0.186300E-01   0.208329E-01   0.225875E-01
   0.233870E-01   0.230954E-01   0.219923E-01   0.203243E-01   0.184574E-01
   0.167458E-01   0.153310E-01   0.144052E-01   0.140459E-01   0.139506E-01
   0.141168E-01   0.144125E-01   0.141774E-01   0.129621E-01   0.109106E-01
   0.843813E-02   0.612108E-02   0.458893E-02   0.421618E-02   0.502548E-02
   0.668490E-02   0.849267E-02   0.987941E-02   0.105343E-01   0.103748E-01
   0.954580E-02   0.832601E-02   0.698444E-02   0.572527E-02   0.479283E-02
   0.440163E-02   0.445604E-02   0.470606E-02   0.512934E-02   0.564481E-02
   0.616800E-02   0.659594E-02   0.662955E-02   0.624870E-02   0.554473E-02
   0.459137E-02   0.359852E-02   0.275501E-02   0.218295E-02   0.199085E-02
   0.215089E-02   0.248722E-02   0.287976E-02   0.311206E-02   0.291610E-02
   0.224292E-02   0.108579E-02  -0.583860E-03  -0.216520E-02  -0.315065E-02
  -0.350990E-02  -0.334072E-02  -0.266818E-02  -0.165899E-02  -0.750059E-03
  -0.608142E-03  -0.179374E-02  -0.416644E-02  -0.721067E-02  -0.101987E-01
  -0.125218E-01  -0.138540E-01  -0.137290E-01  -0.119844E-01  -0.912126E-02
  -0.576649E-02  -0.242594E-02   0.249478E-03   0.178219E-02   0.203691E-02
   0.133488E-02  -0.950239E-04  -0.181375E-02  -0.310280E-02  -0.353383E-02
  -0.319714E-02  -0.223218E-02  -0.977210E-03   0.200480E-03   0.124526E-02
   0.199113E-02   0.237716E-02   0.265542E-02   0.300010E-02   0.337911E-02
   0.353846E-02   0.321867E-02   0.251486E-02   0.153790E-02   0.213775E-03
  -0.127646E-02  -0.258017E-02  -0.363309E-02  -0.457205E-02  -0.546815E-02
  -0.628220E-02  -0.700771E-02  -0.798226E-02  -0.957969E-02  -0.115453E-01
  -0.134729E-01  -0.150451E-01  -0.159780E-01  -0.162587E-01  -0.159977E-01
  -0.152529E-01  -0.140039E-01  -0.122038E-01  -0.982331E-02  -0.693036E-02
  -0.394159E-02  -0.123535E-02   0.102014E-02   0.268543E-02   0.368274E-02
   0.421344E-02   0.470251E-02   0.539549E-02   0.638693E-02   0.740766E-02
   0.790441E-02   0.755231E-02   0.642049E-02   0.490200E-02   0.344659E-02
   0.207777E-02   0.654318E-03  -0.678710E-03  -0.178457E-02  -0.266144E-02
  -0.337744E-02  -0.403606E-02  -0.460173E-02  -0.517639E-02  -0.596147E-02
  -0.703730E-02  -0.824451E-02  -0.951676E-02  -0.107515E-01  -0.114392E-01
  -0.111859E-01  -0.101876E-01  -0.887154E-02  -0.741005E-02  -0.604960E-02
  -0.520283E-02  -0.497882E-02  -0.541157E-02  -0.642806E-02  -0.758684E-02
  -0.828210E-02  -0.797315E-02  -0.645109E-02  -0.396385E-02  -0.108782E-02
   0.153776E-02   0.355787E-02   0.491047E-02   0.562625E-02   0.577401E-02
   0.555699E-02   0.534561E-02   0.539329E-02   0.570839E-02   0.602205E-02
   0.580747E-02   0.477996E-02   0.297855E-02   0.621675E-03  -0.196728E-02
  -0.429405E-02  -0.578169E-02  -0.640792E-02  -0.652817E-02  -0.659778E-02
  -0.699608E-02  -0.765134E-02  -0.815041E-02  -0.801148E-02  -0.705746E-02
  -0.547602E-02  -0.358067E-02  -0.172873E-02  -0.251348E-03   0.560107E-03
   0.632972E-03   0.393153E-03   0.226644E-03   0.155454E-03   0.283814E-04
  -0.166263E-03  -0.143127E-03   0.225333E-03   0.705669E-03   0.103554E-02
   0.110066E-02   0.852477E-03   0.584117E-04  -0.159965E-02  -0.382763E-02
  -0.592934E-02  -0.743680E-02  -0.809663E-02  -0.796193E-02  -0.726190E-02
  -0.617489E-02  -0.518797E-02  -0.473147E-02  -0.483560E-02  -0.532930E-02
  -0.605592E-02  -0.666368E-02  -0.677815E-02  -0.615591E-02  -0.472639E-02
  -0.268895E-02  -0.204043E-03   0.249229E-02   0.498988E-02   0.707516E-02
   0.859903E-02   0.942267E-02   0.978305E-02   0.100533E-01   0.102879E-01
   0.102207E-01   0.993343E-02   0.968956E-02   0.944601E-02   0.896387E-02
   0.810094E-02   0.706623E-02   0.612333E-02   0.542511E-02   0.495296E-02
   0.445034E-02   0.392264E-02   0.341988E-02   0.287083E-02   0.229053E-02
   0.159345E-02   0.896106E-03   0.622162E-03   0.753004E-03   0.927782E-03
   0.785602E-03   0.273083E-03  -0.400064E-03  -0.107841E-02  -0.140665E-02
  -0.147489E-02  -0.147520E-02  -0.124331E-02  -0.586652E-03   0.357520E-03
   0.140855E-02   0.252707E-02   0.367186E-02   0.469467E-02   0.558968E-02
   0.648322E-02   0.724069E-02   0.780999E-02   0.824024E-02   0.848579E-02
   0.840574E-02   0.789580E-02   0.708515E-02   0.631877E-02   0.572250E-02
   0.524972E-02   0.469765E-02   0.402370E-02   0.338584E-02   0.277457E-02
   0.200510E-02   0.101045E-02  -0.186483E-03  -0.163892E-02  -0.330905E-02
  -0.506520E-02  -0.671146E-02  -0.809324E-02  -0.898698E-02  -0.913178E-02
  -0.849789E-02  -0.731538E-02  -0.592382E-02  -0.441964E-02  -0.280683E-02
  -0.112146E-02   0.341843E-03   0.117523E-02   0.145918E-02   0.132828E-02
   0.880367E-03   0.260494E-03  -0.259323E-03  -0.387883E-03  -0.100346E-03
   0.585420E-03   0.155808E-02   0.264996E-02   0.369722E-02   0.473777E-02
   0.572472E-02   0.633953E-02   0.643500E-02   0.617999E-02   0.569773E-02
   0.500200E-02   0.425516E-02   0.368486E-02   0.346492E-02   0.380481E-02
   0.485106E-02   0.625242E-02   0.753395E-02   0.843669E-02   0.887749E-02
   0.886389E-02   0.841949E-02   0.759548E-02   0.679769E-02   0.656627E-02
   0.697912E-02   0.764777E-02   0.843413E-02   0.937926E-02   0.103301E-01
   0.110216E-01   0.113127E-01   0.112165E-01   0.108207E-01   0.101650E-01
   0.927906E-02   0.835351E-02   0.756389E-02   0.643970E-02   0.517690E-02
   0.385598E-02   0.250422E-02   0.103487E-02  -0.342970E-03  -0.138650E-02
  -0.196346E-02  -0.212134E-02  -0.204192E-02  -0.169477E-02  -0.919758E-03
   0.213017E-03   0.139981E-02   0.243993E-02   0.336222E-02   0.410183E-02
   0.441383E-02   0.433325E-02   0.424712E-02   0.427094E-02   0.434646E-02
   0.448967E-02   0.468278E-02   0.485233E-02   0.476723E-02   0.431196E-02
   0.345844E-02   0.227709E-02   0.851966E-03  -0.843711E-03  -0.270493E-02
  -0.438506E-02  -0.585108E-02  -0.715608E-02  -0.806923E-02  -0.827654E-02
  -0.787108E-02  -0.718251E-02  -0.641850E-02  -0.582079E-02  -0.548992E-02
  -0.542913E-02  -0.574231E-02  -0.623764E-02  -0.661737E-02  -0.669281E-02
  -0.632859E-02  -0.551443E-02  -0.430517E-02  -0.289542E-02  -0.120165E-02
   0.727439E-03   0.235319E-02   0.334817E-02   0.369951E-02   0.340021E-02
   0.251177E-02   0.129311E-02  -0.163923E-03  -0.186637E-02  -0.359779E-02
  -0.509850E-02  -0.635647E-02  -0.759770E-02  -0.899182E-02  -0.105298E-01
  -0.121014E-01  -0.135931E-01  -0.149275E-01  -0.161281E-01  -0.171311E-01
  -0.177999E-01  -0.180523E-01  -0.177367E-01  -0.166604E-01  -0.148461E-01
  -0.125920E-01  -0.102973E-01  -0.839015E-02  -0.718573E-02  -0.686972E-02
  -0.738557E-02  -0.846014E-02  -0.967530E-02  -0.106673E-01  -0.112414E-01
  -0.111156E-01  -0.999583E-02  -0.798091E-02  -0.555884E-02  -0.328844E-02
  -0.137168E-02  -0.722832E-04   0.209551E-03  -0.383872E-03  -0.143955E-02
  -0.247301E-02  -0.305241E-02  -0.313217E-02  -0.284140E-02  -0.229183E-02
  -0.161998E-02  -0.115630E-02  -0.106568E-02  -0.125231E-02  -0.161260E-02
  -0.192184E-02  -0.207507E-02  -0.188157E-02  -0.111023E-02   0.185884E-03
   0.182073E-02   0.361206E-02   0.539810E-02   0.709505E-02   0.852228E-02
   0.944376E-02   0.980351E-02   0.983420E-02   0.969494E-02   0.951379E-02
   0.931677E-02   0.896393E-02   0.856050E-02   0.821906E-02   0.785851E-02
   0.743698E-02   0.698767E-02   0.649814E-02   0.593438E-02   0.531218E-02
   0.478065E-02   0.435909E-02   0.383437E-02   0.320333E-02   0.265958E-02
   0.218153E-02   0.165338E-02   0.106035E-02   0.490941E-03  -0.146071E-03
  -0.968566E-03  -0.187827E-02  -0.268386E-02  -0.328711E-02  -0.365909E-02
  -0.380516E-02  -0.374888E-02  -0.358680E-02  -0.346979E-02  -0.353977E-02
  -0.394721E-02  -0.457734E-02  -0.519873E-02  -0.569134E-02  -0.603087E-02
  -0.623173E-02  -0.636148E-02  -0.658552E-02  -0.673264E-02  -0.656626E-02
  -0.633085E-02  -0.627487E-02  -0.638445E-02  -0.655430E-02  -0.675174E-02
  -0.688195E-02  -0.672885E-02  -0.609566E-02  -0.493105E-02  -0.342718E-02
  -0.177083E-02  -0.135851E-03   0.130810E-02   0.251236E-02   0.346836E-02
   0.414130E-02   0.448747E-02   0.453995E-02   0.442692E-02   0.431607E-02
   0.427666E-02   0.428693E-02   0.427336E-02   0.420601E-02   0.409410E-02
   0.385421E-02   0.327860E-02   0.233250E-02   0.133779E-02   0.471958E-03
  -0.301261E-03  -0.994106E-03  -0.154201E-02  -0.182316E-02  -0.177570E-02
  -0.152682E-02  -0.122406E-02  -0.893629E-03  -0.543137E-03  -0.203573E-03
   0.619975E-04   0.220744E-03   0.292985E-03   0.264564E-03   0.194319E-03
   0.204206E-03   0.369790E-03   0.645624E-03   0.938573E-03   0.129772E-02
   0.168171E-02   0.191025E-02   0.191023E-02   0.172575E-02   0.156080E-02
   0.146860E-02   0.137810E-02   0.137991E-02   0.150548E-02   0.165248E-02
   0.179093E-02   0.199286E-02   0.223739E-02   0.249156E-02   0.279601E-02
   0.308063E-02   0.327096E-02   0.337791E-02   0.344383E-02   0.347720E-02
   0.337433E-02   0.306277E-02   0.262194E-02   0.216933E-02   0.176916E-02
   0.155854E-02   0.151231E-02   0.149368E-02   0.145594E-02   0.139372E-02
   0.133594E-02   0.129472E-02   0.126066E-02   0.124420E-02   0.130929E-02
   0.147149E-02   0.162587E-02   0.174146E-02   0.186251E-02   0.197486E-02
   0.201131E-02   0.193429E-02   0.178506E-02   0.162917E-02   0.149663E-02
   0.138616E-02   0.131879E-02   0.133176E-02   0.143732E-02   0.156740E-02
   0.164074E-02   0.162743E-02   0.151868E-02   0.130919E-02   0.104892E-02
   0.781325E-03   0.586976E-03   0.518234E-03   0.525741E-03   0.511927E-03
   0.418334E-03   0.235344E-03  -0.306160E-04  -0.335159E-03  -0.597967E-03
  -0.764208E-03  -0.816260E-03  -0.786294E-03  -0.723770E-03  -0.643065E-03
  -0.562591E-03  -0.554040E-03  -0.652992E-03  -0.806909E-03  -0.948367E-03
  -0.108627E-02  -0.125088E-02  -0.137678E-02  -0.142711E-02  -0.146725E-02
  -0.152781E-02  -0.157357E-02  -0.159184E-02  -0.160215E-02  -0.161662E-02
  -0.161629E-02  -0.158078E-02  -0.149979E-02  -0.137748E-02  -0.120671E-02
  -0.995381E-03  -0.782963E-03  -0.601427E-03  -0.458029E-03  -0.340463E-03
  -0.233467E-03  -0.135755E-03  -0.454144E-04   0.497579E-04   0.154549E-03
   0.257829E-03   0.338998E-03   0.392526E-03   0.420299E-03   0.421346E-03
   0.403336E-03   0.382355E-03   0.375191E-03   0.393707E-03   0.428098E-03
   0.458142E-03   0.469245E-03   0.452504E-03   0.415466E-03   0.369316E-03
   0.327406E-03   0.308862E-03   0.324279E-03   0.363832E-03   0.410851E-03
   0.448200E-03   0.463815E-03   0.448524E-03   0.396871E-03   0.319494E-03
   0.237143E-03   0.165159E-03   0.106804E-03   0.629769E-04   0.350446E-04
   0.177329E-04   0.578791E-05  -0.379676E-05  -0.127256E-04  -0.230694E-04
  -0.362362E-04  -0.550899E-04  -0.798003E-04  -0.103598E-03  -0.120816E-03
  -0.130401E-03  -0.132169E-03  -0.126371E-03  -0.116232E-03  -0.105060E-03
  -0.951137E-04  -0.875520E-04  -0.826944E-04  -0.805178E-04  -0.805925E-04
  -0.822135E-04  -0.849508E-04  -0.878217E-04  -0.901086E-04  -0.916104E-04
  -0.921880E-04  -0.920474E-04  -0.917270E-04  -0.917955E-04  -0.924326E-04
  -0.939225E-04  -0.962882E-04  -0.989750E-04  -0.101426E-03  -0.103252E-03
  -0.104030E-03  -0.103598E-03  -0.102116E-03  -0.997873E-04  -0.968519E-04
  -0.934822E-04  -0.898738E-04  -0.861895E-04  -0.825166E-04  -0.788967E-04
  -0.752910E-04  -0.716955E-04  -0.681242E-04  -0.645766E-04  -0.610207E-04
  -0.574172E-04  -0.537874E-04  -0.501743E-04  -0.466008E-04  -0.430720E-04
  -0.395875E-04  -0.361418E-04  -0.327220E-04  -0.293131E-04  -0.259072E-04
  -0.225050E-04  -0.191093E-04  -0.157219E-04  -0.123440E-04  -0.897556E-05
  -0.561691E-05   0              0              0              0