  -0.271115E-04  -0.321714E-04  -0.298917E-04  -0.398059E-04  -0.391057E-04
  -0.453388E-04  -0.381528E-04  -0.467910E-04  -0.579588E-04  -0.874697E-04
  -0.113885E-03  -0.155251E-03  -0.168590E-03  -0.161550E-03  -0.131073E-03
  -0.103246E-03  -0.587726E-04  -0.100919E-04   0.594578E-04   0.121036E-03
   0.160572E-03   0.163957E-03   0.170549E-03   0.176093E-03   0.189501E-03
   0.173129E-03   0.757534E-04  -0.768515E-04  -0.166661E-03  -0.201168E-03
  -0.228137E-03  -0.278519E-03  -0.332215E-03  -0.385559E-03  -0.438770E-03
  -0.496407E-03  -0.562595E-03  -0.593543E-03  -0.293142E-04   0.167212E-02
   0.264901E-02   0.192372E-02   0.633532E-03  -0.370119E-03  -0.372942E-03
   0.116111E-02   0.363024E-02   0.508534E-02   0.182731E-02  -0.428473E-02
  -0.632333E-02  -0.363673E-02  -0.251176E-03   0.375049E-03  -0.895548E-03
  -0.121470E-02  -0.296550E-03   0.554413E-03  -0.174797E-02  -0.387335E-02
   0.390169E-03   0.610847E-02   0.297986E-02  -0.764159E-02  -0.116013E-01
  -0.526524E-02   0.316736E-02   0.887020E-02   0.463927E-02  -0.912903E-03
   0.112279E-02   0.664854E-02   0.112037E-01   0.136671E-01   0.842886E-02
   0.762275E-03   0.132706E-03   0.181513E-03  -0.422685E-02  -0.820851E-02
  -0.527873E-02   0.201562E-02   0.436179E-02  -0.217267E-02  -0.114675E-01
  -0.113121E-01   0.214494E-02   0.120160E-01   0.256954E-03  -0.214400E-01
  -0.171669E-01   0.129125E-01   0.240327E-01  -0.116799E-02  -0.291628E-01
  -0.224167E-01   0.830163E-02   0.108940E-01  -0.910473E-02  -0.851565E-02
   0.164037E-01   0.280846E-01   0.555930E-02  -0.322722E-01  -0.437888E-01
  -0.724575E-02   0.431882E-01   0.419136E-01  -0.834979E-02  -0.449440E-01
  -0.175318E-01   0.251724E-01   0.764732E-02  -0.327512E-01  -0.354680E-01
  -0.726978E-02   0.180823E-01   0.140585E-01  -0.218527E-01  -0.492968E-01
  -0.329265E-01   0.103343E-01   0.346438E-01   0.186955E-01  -0.699596E-02
  -0.468920E-02   0.371970E-02   0.273241E-02   0.489818E-02   0.135861E-01
   0.227932E-01   0.162872E-01  -0.432100E-02  -0.252054E-01  -0.233563E-01
   0.183924E-02   0.303195E-01   0.362155E-01   0.164726E-01  -0.870986E-02
  -0.151812E-01   0.151754E-02   0.157998E-01   0.780268E-02  -0.751315E-02
  -0.454234E-02   0.131244E-01   0.140770E-01  -0.751475E-02  -0.203597E-01
  -0.126344E-01   0.156642E-02   0.954846E-02   0.361734E-02  -0.116265E-01
  -0.109310E-01   0.107055E-01   0.257427E-01   0.134646E-01  -0.879456E-02
  -0.133934E-01  -0.193445E-02   0.979619E-02   0.138015E-01   0.844475E-02
  -0.470490E-03  -0.141411E-03   0.100167E-01   0.200760E-01   0.121876E-01
   0.526731E-03   0.214374E-02  -0.108206E-01  -0.283006E-01  -0.206182E-01
   0.593134E-02   0.227578E-01   0.114413E-01  -0.166197E-01  -0.295239E-01
  -0.124861E-01   0.172764E-01   0.326097E-01   0.220730E-01   0.330924E-02
  -0.816254E-03   0.535434E-02   0.730030E-02   0.399679E-02   0.524485E-03
   0.106918E-04   0.646068E-03   0.101991E-02   0.245759E-02   0.646346E-02
   0.982496E-02   0.738978E-02  -0.109413E-03   0.375999E-03   0.736541E-04
  -0.292450E-03   0.662848E-02   0.150358E-01   0.142306E-01   0.400847E-02
  -0.683098E-02  -0.130453E-01  -0.115159E-01  -0.571375E-02  -0.478355E-02
  -0.107626E-01  -0.107124E-01  -0.898514E-03   0.375716E-02   0.517770E-02
   0.121369E-01   0.221035E-01   0.217865E-01   0.876895E-02   0.244951E-02
   0.936710E-02   0.188809E-01   0.157312E-01  -0.375366E-02  -0.268851E-01
  -0.303766E-01  -0.525112E-02  -0.252003E-02  -0.113114E-01   0.348437E-02
   0.164586E-01   0.478337E-02  -0.228912E-02   0.141109E-01   0.216446E-01
   0.721188E-02  -0.141146E-01  -0.234631E-01  -0.167299E-01  -0.375040E-02
  -0.241269E-02  -0.135726E-01  -0.154781E-01  -0.461153E-02   0.381201E-02
   0.881659E-02   0.156996E-01   0.138813E-01   0.221983E-02   0.660847E-02
   0.129233E-01   0.121853E-02  -0.204538E-01  -0.290812E-01  -0.193363E-01
  -0.436376E-02   0.600583E-02   0.107330E-02  -0.177788E-01  -0.242093E-01
  -0.119757E-01   0.433665E-02   0.151301E-01   0.207439E-01   0.145199E-01
   0.698020E-02   0.115040E-01   0.130933E-01   0.206742E-02  -0.103088E-01
  -0.129907E-01  -0.803015E-02  -0.381227E-02  -0.425844E-02  -0.101472E-01
  -0.206642E-01  -0.143337E-01   0.316532E-01   0.552106E-01   0.247639E-01
  -0.215087E-01  -0.486922E-01  -0.425613E-01  -0.192457E-01   0.126382E-02
   0.123538E-01   0.125809E-01  -0.515114E-02  -0.352905E-01  -0.392526E-01
  -0.427937E-02   0.423831E-01   0.599651E-01   0.279221E-01  -0.296442E-01
  -0.792477E-01  -0.624098E-01   0.211293E-01   0.622292E-01   0.292435E-01
  -0.203972E-01  -0.403568E-01  -0.461891E-01  -0.639898E-01  -0.440285E-01
   0.290633E-01   0.601567E-01   0.144246E-01  -0.519570E-01  -0.485531E-01
   0.776907E-02   0.377365E-01   0.159301E-01  -0.279128E-01  -0.461310E-01
  -0.237665E-01   0.805884E-02   0.620391E-02  -0.239998E-01  -0.541604E-01
  -0.652329E-01  -0.533358E-01  -0.326837E-01  -0.329925E-01  -0.784794E-01
  -0.106739E+00  -0.762025E-01  -0.245317E-01  -0.259687E-02  -0.157449E-01
  -0.218621E-01  -0.748381E-02   0.947659E-02   0.176670E-02  -0.250471E-01
  -0.226055E-01   0.259341E-01   0.844994E-01   0.759593E-01  -0.553572E-02
  -0.342687E-01   0.248903E-01   0.930699E-01   0.939005E-01   0.432186E-01
   0.861188E-02   0.232627E-01   0.640723E-01   0.988096E-01   0.117539E+00
   0.869602E-01   0.127107E-01  -0.379807E-01  -0.213026E-01   0.266013E-01
   0.360666E-01   0.149909E-01   0.582449E-02   0.135498E-01   0.224262E-01
   0.249216E-01   0.257538E-01   0.282939E-01   0.324483E-01   0.405825E-01
   0.556206E-01   0.731235E-01   0.900792E-01   0.105278E+00   0.116249E+00
   0.666361E-01  -0.454648E-01  -0.131659E+00  -0.117630E+00  -0.363706E-01
   0.392109E-01   0.582178E-01   0.287267E-01  -0.331089E-02   0.307898E-02
   0.503647E-01   0.935343E-01   0.105385E+00   0.971671E-01   0.920906E-01
   0.926919E-01   0.950717E-01   0.939361E-01   0.858848E-01   0.681280E-01
   0.489808E-01   0.447834E-01   0.657336E-01   0.803402E-01   0.666301E-01
   0.363598E-01   0.982230E-02  -0.124242E-01  -0.331197E-01  -0.442934E-01
  -0.395367E-01  -0.313479E-01  -0.354958E-01  -0.111129E+00  -0.183310E+00
  -0.165681E+00  -0.100333E+00  -0.883768E-01  -0.141092E+00  -0.153421E+00
  -0.976347E-01  -0.501660E-01  -0.539540E-01  -0.683214E-01  -0.510661E-01
  -0.144790E-01  -0.138634E-02  -0.195235E-01  -0.252064E-01  -0.423846E-01
  -0.960941E-01  -0.155103E+00  -0.180443E+00  -0.169679E+00  -0.155945E+00
  -0.159959E+00  -0.140986E+00  -0.737783E-01   0.124372E-01   0.890039E-01
   0.135112E+00   0.149638E+00   0.147322E+00   0.142830E+00   0.181126E+00
   0.205522E+00   0.167686E+00   0.108224E+00   0.657426E-01   0.619711E-01
   0.597952E-01   0.649207E-02  -0.856688E-01  -0.143397E+00  -0.122487E+00
  -0.576255E-01   0.116271E-02   0.468399E-01   0.890096E-01   0.103810E+00
   0.571656E-01  -0.927142E-02  -0.276238E-01  -0.236799E-02  -0.624049E-02
  -0.845189E-01  -0.200227E+00  -0.253151E+00  -0.184254E+00  -0.591886E-01
  -0.166089E-01  -0.665575E-01  -0.114428E+00  -0.848841E-01  -0.232783E-02
   0.254981E-01  -0.303439E-01  -0.108238E+00  -0.122810E+00  -0.577161E-01
   0.109315E-01   0.803004E-03  -0.625709E-01  -0.593005E-01   0.268357E-01
   0.114072E+00   0.111301E+00   0.424001E-01   0.493752E-01   0.152090E+00
   0.244947E+00   0.237050E+00   0.158661E+00   0.834936E-01   0.288879E-01
  -0.217438E-01  -0.780772E-01  -0.127636E+00  -0.126631E+00  -0.763481E-01
  -0.206063E-01   0.239329E-01   0.628046E-01   0.100109E+00   0.744686E-01
  -0.196984E-01  -0.637466E-01  -0.229547E-01   0.830582E-02  -0.114574E-01
  -0.437559E-01  -0.529293E-01  -0.464578E-01  -0.424451E-01  -0.450111E-01
  -0.477192E-01  -0.423209E-01  -0.859888E-02   0.483598E-01   0.104193E+00
   0.115128E+00   0.816915E-01   0.424435E-01   0.129711E-01  -0.120369E-01
  -0.394112E-01  -0.633765E-01  -0.754788E-01  -0.783813E-01  -0.806376E-01
  -0.827890E-01  -0.831666E-01  -0.822983E-01  -0.860317E-01  -0.990052E-01
  -0.117453E+00  -0.135517E+00  -0.150020E+00  -0.145941E+00  -0.115877E+00
  -0.749228E-01  -0.370387E-01  -0.344694E-02   0.288843E-01   0.526964E-01
   0.659382E-01   0.752815E-01   0.751593E-01   0.599366E-01   0.372026E-01
   0.160157E-01   0.264042E-02   0.177635E-02   0.889382E-02   0.136658E-01
   0.156219E-01   0.247168E-01   0.359027E-01   0.256235E-01  -0.511851E-02
  -0.349900E-01  -0.152938E-01   0.443856E-01   0.643200E-01   0.309952E-01
  -0.114081E-01  -0.341616E-01  -0.262057E-01  -0.115137E-01  -0.189102E-01
  -0.409291E-01  -0.529335E-01  -0.426510E-01  -0.383106E-01  -0.606489E-01
  -0.768517E-01  -0.397483E-01   0.246033E-01   0.453377E-01   0.207405E-01
   0.194635E-01   0.633005E-01   0.952941E-01   0.993174E-01   0.913841E-01
   0.641482E-01   0.349222E-01   0.409544E-01   0.686733E-01   0.774151E-01
   0.647542E-01   0.502626E-01   0.491572E-01   0.635617E-01   0.839007E-01
   0.933891E-01   0.793943E-01   0.499210E-01   0.214264E-01  -0.769073E-03
  -0.185104E-01  -0.362562E-01  -0.537967E-01  -0.706777E-01  -0.861302E-01
  -0.999046E-01  -0.910010E-01  -0.550945E-01  -0.416228E-01  -0.947959E-01
  -0.118976E+00  -0.621716E-01  -0.121209E-01  -0.176148E-01  -0.462868E-01
  -0.538839E-01  -0.205365E-01   0.338903E-01   0.540678E-01   0.264981E-01
  -0.145273E-01  -0.251545E-01   0.146287E-01   0.767711E-01   0.936590E-01
   0.699968E-01   0.965648E-01   0.187717E+00   0.286743E+00   0.342296E+00
   0.347712E+00   0.350728E+00   0.375536E+00   0.406312E+00   0.430404E+00
   0.446326E+00   0.411181E+00   0.290948E+00   0.173307E+00   0.120514E+00
   0.989836E-01   0.667382E-01   0.204543E-01  -0.233364E-01  -0.593285E-01
  -0.805475E-01  -0.845721E-01  -0.871281E-01  -0.986277E-01  -0.113185E+00
  -0.116259E+00  -0.106444E+00  -0.952317E-01  -0.938848E-01  -0.123188E+00
  -0.164024E+00  -0.171389E+00  -0.146745E+00  -0.118962E+00  -0.997674E-01
  -0.838017E-01  -0.704050E-01  -0.579544E-01  -0.325375E-01   0.548987E-02
   0.312074E-01   0.377406E-01   0.367669E-01   0.273520E-01   0.985001E-02
   0.219613E-02   0.126952E-01   0.302624E-01   0.445710E-01   0.480427E-01
   0.499425E-01   0.595197E-01   0.714880E-01   0.814537E-01   0.895596E-01
   0.966172E-01   0.901345E-01   0.624434E-01   0.256452E-01  -0.464668E-02
  -0.220642E-01  -0.319509E-01  -0.419992E-01  -0.495616E-01  -0.457673E-01
  -0.327098E-01  -0.321410E-01  -0.526759E-01  -0.882334E-01  -0.127678E+00
  -0.164677E+00  -0.199257E+00  -0.233076E+00  -0.266057E+00  -0.296354E+00
  -0.304672E+00  -0.288028E+00  -0.269325E+00  -0.288431E+00  -0.326171E+00
  -0.306097E+00  -0.226692E+00  -0.143347E+00  -0.104879E+00  -0.106608E+00
  -0.874855E-01  -0.288833E-01   0.378747E-01   0.590102E-01   0.350708E-01
   0.132483E-01   0.361233E-01   0.935729E-01   0.149941E+00   0.196149E+00
   0.237902E+00   0.273700E+00   0.299766E+00   0.319831E+00   0.338935E+00
   0.356890E+00   0.350778E+00   0.285302E+00   0.178837E+00   0.936310E-01
   0.633587E-01   0.548557E-01   0.242200E-01  -0.202542E-01  -0.403046E-01
  -0.319257E-01  -0.199748E-01  -0.148076E-01  -0.136972E-01  -0.268806E-01
  -0.607278E-01  -0.904795E-01  -0.105514E+00  -0.138478E+00  -0.201501E+00
  -0.269344E+00  -0.313492E+00  -0.303469E+00  -0.261106E+00  -0.245267E+00
  -0.263553E+00  -0.256898E+00  -0.189990E+00  -0.115088E+00  -0.829804E-01
  -0.748643E-01  -0.498726E-01  -0.375518E-02   0.341044E-01   0.517370E-01
   0.601729E-01   0.698853E-01   0.686225E-01   0.525456E-01   0.238429E-01
  -0.123536E-01  -0.490929E-01  -0.821838E-01  -0.918696E-01  -0.694288E-01
  -0.626486E-01  -0.979350E-01  -0.115210E+00  -0.752449E-01  -0.100232E-01
   0.459027E-01   0.751364E-01   0.777380E-01   0.744946E-01   0.883021E-01
   0.115329E+00   0.140427E+00   0.143288E+00   0.115789E+00   0.893701E-01
   0.832713E-01   0.645831E-01   0.203869E-01  -0.304128E-01  -0.736480E-01
  -0.107652E+00  -0.122358E+00  -0.115884E+00  -0.100439E+00  -0.854418E-01
  -0.564117E-01   0.858414E-03   0.716870E-01   0.106807E+00   0.860937E-01
   0.425010E-01   0.149509E-01   0.161496E-02  -0.183088E-01  -0.458863E-01
  -0.655391E-01  -0.731175E-01  -0.779133E-01  -0.820827E-01  -0.743401E-01
  -0.533698E-01  -0.308258E-01  -0.159456E-01  -0.228079E-01  -0.332618E-01
  -0.197784E-01   0.687544E-02   0.107514E-01  -0.117950E-01  -0.365480E-01
  -0.420204E-01  -0.228066E-01  -0.905381E-03   0.579340E-02   0.581596E-02
   0.743023E-02   0.300500E-02  -0.784899E-02  -0.147801E-01  -0.457982E-02
  -0.118659E-02  -0.188421E-01  -0.427159E-01  -0.492746E-01  -0.363948E-01
  -0.195303E-01  -0.185382E-02   0.292323E-01   0.564215E-01   0.522244E-01
   0.277220E-01   0.286985E-01   0.709533E-01   0.126374E+00   0.169516E+00
   0.168790E+00   0.131445E+00   0.964181E-01   0.692326E-01   0.383975E-01
   0.418804E-02  -0.517842E-03   0.300428E-01   0.679269E-01   0.966467E-01
   0.952074E-01   0.621122E-01   0.348330E-01   0.233011E-01   0.941866E-02
  -0.116257E-01  -0.254045E-01  -0.227947E-01  -0.191244E-01  -0.298805E-01
  -0.318464E-01   0.995855E-02   0.819004E-01   0.144391E+00   0.168939E+00
   0.166767E+00   0.163880E+00   0.155247E+00   0.120522E+00   0.655941E-01
   0.112332E-01  -0.359354E-01  -0.759607E-01  -0.112180E+00  -0.146756E+00
  -0.177844E+00  -0.177153E+00  -0.141923E+00  -0.999739E-01  -0.658594E-01
  -0.445468E-01  -0.390397E-01  -0.354441E-01  -0.392670E-02   0.494763E-01
   0.823853E-01   0.734870E-01   0.445537E-01   0.283703E-01   0.406802E-01
   0.691048E-01   0.950434E-01   0.116305E+00   0.136969E+00   0.156535E+00
   0.141951E+00   0.112808E+00   0.102812E+00   0.941496E-01   0.682706E-01
   0.311604E-01  -0.291041E-02  -0.284114E-01  -0.427747E-01  -0.508082E-01
  -0.577311E-01  -0.609784E-01  -0.616270E-01  -0.697629E-01  -0.852190E-01
  -0.946172E-01  -0.865276E-01  -0.683985E-01  -0.616681E-01  -0.702457E-01
  -0.653092E-01  -0.372079E-01  -0.381009E-02   0.189442E-01   0.218284E-01
   0.278406E-01   0.513609E-01   0.802039E-01   0.104203E+00   0.115252E+00
   0.948047E-01   0.486430E-01   0.654528E-02  -0.165022E-01  -0.268938E-01
  -0.207825E-01   0.564028E-02   0.372895E-01   0.477823E-01   0.224968E-01
   0.106719E-01   0.375235E-01   0.763404E-01   0.876397E-01   0.511723E-01
  -0.296274E-02  -0.258171E-01  -0.243827E-01  -0.353787E-01  -0.643422E-01
  -0.939393E-01  -0.106532E+00  -0.791219E-01  -0.218780E-01   0.358001E-01
   0.743737E-01   0.896047E-01   0.947274E-01   0.100193E+00   0.936763E-01
   0.568337E-01   0.170602E-02  -0.242168E-01  -0.112850E-01   0.940004E-02
   0.148191E-01   0.664540E-02   0.624188E-02   0.176213E-01   0.256735E-01
   0.189163E-01  -0.376338E-02  -0.344474E-01  -0.632226E-01  -0.871872E-01
  -0.858301E-01  -0.595563E-01  -0.311742E-01  -0.401268E-01  -0.866635E-01
  -0.120685E+00  -0.106273E+00  -0.622568E-01  -0.304804E-01  -0.274122E-01
  -0.332155E-01  -0.387472E-01  -0.498708E-01  -0.642519E-01  -0.732176E-01
  -0.643359E-01  -0.432473E-01  -0.221589E-01  -0.126237E-01  -0.428843E-01
  -0.949697E-01  -0.947738E-01  -0.397761E-01   0.815227E-02   0.943875E-02
  -0.135091E-01   0.107810E-02   0.679807E-01   0.102731E+00   0.710096E-01
   0.210445E-01   0.795384E-02   0.409469E-01   0.714826E-01   0.706313E-01
   0.525246E-01   0.365911E-01   0.260160E-01   0.176652E-01   0.197379E-01
   0.333892E-01   0.492600E-01   0.626551E-01   0.743941E-01   0.840195E-01
   0.587807E-01   0.667106E-03  -0.238711E-01  -0.148991E-01  -0.373102E-01
  -0.765123E-01  -0.850430E-01  -0.903066E-01  -0.104635E+00  -0.103412E+00
  -0.838016E-01  -0.654117E-01  -0.700106E-01  -0.920157E-01  -0.106198E+00
  -0.942443E-01  -0.652241E-01  -0.361962E-01   0.586403E-02   0.550264E-01
   0.739517E-01   0.619811E-01   0.591331E-01   0.833976E-01   0.118255E+00
   0.147263E+00   0.149139E+00   0.100464E+00   0.295290E-01   0.179045E-01
   0.695948E-01   0.934872E-01   0.555984E-01   0.292641E-02  -0.149747E-01
   0.579802E-02   0.373473E-01   0.601640E-01   0.500866E-01   0.557161E-02
  -0.298253E-01  -0.303365E-01  -0.133306E-01  -0.461265E-02   0.337832E-02
   0.209502E-02  -0.225840E-01  -0.590287E-01  -0.692617E-01  -0.464006E-01
  -0.176875E-01   0.328844E-02   0.301368E-01   0.701663E-01   0.112421E+00
   0.141823E+00   0.120831E+00   0.582037E-01   0.382870E-01   0.631282E-01
   0.627526E-01   0.254807E-01   0.101513E-02   0.102530E-01   0.292264E-01
   0.396987E-01   0.248395E-01  -0.136427E-01  -0.575844E-01  -0.969369E-01
  -0.133054E+00  -0.167320E+00  -0.170820E+00  -0.123721E+00  -0.535437E-01
  -0.116516E-01  -0.311705E-01  -0.620387E-01  -0.479368E-01  -0.332070E-02
   0.314081E-01   0.166685E-01  -0.228667E-01  -0.226881E-01   0.186956E-01
   0.611943E-01   0.575755E-01   0.119771E-01  -0.333452E-02   0.299995E-01
   0.694705E-01   0.442869E-01  -0.300738E-01  -0.581754E-01  -0.283368E-01
   0.459531E-03  -0.169719E-01  -0.625844E-01  -0.922536E-01  -0.766375E-01
  -0.350518E-01  -0.208111E-01  -0.544521E-01  -0.792610E-01  -0.495733E-01
   0.518684E-02   0.177335E-01  -0.161205E-01  -0.545589E-01  -0.775355E-01
  -0.872652E-01  -0.938735E-01  -0.101254E+00  -0.978291E-01  -0.688565E-01
  -0.236384E-01   0.581022E-02  -0.325443E-02  -0.277702E-01  -0.146292E-01
   0.360283E-01   0.868336E-01   0.809827E-01   0.191631E-01  -0.319429E-01
  -0.153890E-01   0.164292E-01   0.650392E-03  -0.422182E-01  -0.636632E-01
  -0.249406E-01   0.478631E-01   0.741903E-01   0.366177E-01  -0.130780E-01
  -0.355058E-01  -0.220909E-01   0.220124E-02   0.849983E-02  -0.322691E-01
  -0.102475E+00  -0.147047E+00  -0.107393E+00  -0.107882E-01   0.508441E-01
   0.260470E-01  -0.426324E-01  -0.927916E-01  -0.590038E-01   0.415989E-01
   0.139776E+00   0.141952E+00   0.544439E-01  -0.284908E-01  -0.433712E-01
  -0.107276E-01  -0.143324E-01  -0.216687E-01   0.124561E-01   0.354788E-01
   0.176074E-01   0.131649E-01   0.590347E-01   0.126532E+00   0.142027E+00
   0.845690E-01   0.366703E-01   0.605475E-01   0.124755E+00   0.173323E+00
   0.151869E+00   0.746215E-01  -0.194195E-02  -0.375987E-01  -0.255450E-01
  -0.321238E-01  -0.907296E-01  -0.166636E+00  -0.181537E+00  -0.132302E+00
  -0.760355E-01  -0.439692E-01  -0.368738E-01  -0.313533E-01  -0.653206E-02
   0.312892E-01   0.662385E-01   0.789546E-01   0.795353E-01   0.906961E-01
   0.109522E+00   0.974573E-01   0.563633E-01   0.431503E-01   0.683551E-01
   0.100143E+00   0.114575E+00   0.950662E-01   0.649320E-01   0.578775E-01
   0.681067E-01   0.704538E-01   0.445125E-01   0.676116E-03  -0.416261E-01
  -0.765482E-01  -0.923261E-01  -0.878399E-01  -0.780542E-01  -0.712925E-01
  -0.782084E-01  -0.116691E+00  -0.154730E+00  -0.129325E+00  -0.530095E-01
   0.152071E-01   0.877582E-03  -0.822436E-01  -0.134221E+00  -0.109268E+00
  -0.494960E-01  -0.156131E-01  -0.232168E-01  -0.302145E-01  -0.395964E-02
  -0.227932E-02  -0.485922E-01  -0.752345E-01  -0.554419E-01  -0.231462E-01
  -0.119427E-01  -0.343823E-01  -0.723287E-01  -0.940304E-01  -0.705654E-01
  -0.169461E-01   0.127726E-01  -0.136156E-01  -0.674553E-01  -0.697438E-01
  -0.339073E-02   0.338966E-01   0.540469E-02  -0.182605E-01  -0.102700E-01
  -0.481281E-02  -0.291315E-02   0.116705E-01   0.361959E-01   0.596668E-01
   0.772791E-01   0.920390E-01   0.107315E+00   0.121597E+00   0.119329E+00
   0.960602E-01   0.802993E-01   0.847264E-01   0.967064E-01   0.103405E+00
   0.900637E-01   0.562914E-01   0.467789E-01   0.844666E-01   0.135684E+00
   0.122583E+00   0.452017E-01  -0.223175E-01  -0.204158E-01   0.293078E-01
   0.623547E-01   0.232818E-01  -0.332197E-01  -0.222734E-01   0.361451E-01
   0.647391E-01   0.382139E-01  -0.324384E-02  -0.331609E-01  -0.400167E-01
  -0.336443E-01  -0.268735E-01  -0.232469E-01  -0.193519E-01  -0.171794E-01
  -0.243473E-01  -0.280204E-01  -0.428371E-02   0.386405E-01   0.817798E-01
   0.116874E+00   0.137584E+00   0.136154E+00   0.123327E+00   0.112498E+00
   0.116571E+00   0.131111E+00   0.142821E+00   0.103871E+00   0.268910E-01
  -0.718307E-02   0.124362E-01   0.391163E-01   0.209022E-01  -0.244100E-01
  -0.326845E-01  -0.782615E-03   0.346818E-01   0.425917E-01   0.193829E-01
  -0.146293E-01  -0.424946E-01  -0.632653E-01  -0.877025E-01  -0.127070E+00
  -0.175766E+00  -0.221787E+00  -0.253350E+00  -0.250576E+00  -0.220884E+00
  -0.191334E+00  -0.170360E+00  -0.146480E+00  -0.105252E+00  -0.674325E-01
  -0.620975E-01  -0.810775E-01  -0.997685E-01  -0.109341E+00  -0.114312E+00
  -0.120842E+00  -0.128314E+00  -0.133089E+00  -0.975339E-01  -0.559427E-02
   0.690864E-01   0.719276E-01   0.382174E-01   0.339362E-01   0.813605E-01
   0.125989E+00   0.122895E+00   0.914500E-01   0.800478E-01   0.101983E+00
   0.134282E+00   0.149785E+00   0.126969E+00   0.781913E-01   0.468356E-01
   0.474831E-01   0.588750E-01   0.269324E-01  -0.223226E-01  -0.301007E-01
  -0.245653E-01  -0.496854E-01  -0.702727E-01  -0.569474E-01  -0.296697E-01
  -0.846178E-02   0.214071E-03  -0.523397E-03  -0.709930E-02  -0.215114E-01
  -0.423253E-01  -0.634890E-01  -0.826679E-01  -0.100612E+00  -0.117907E+00
  -0.134003E+00  -0.137013E+00  -0.119809E+00  -0.938005E-01  -0.697464E-01
  -0.489692E-01  -0.275381E-01  -0.440218E-02   0.263963E-01   0.698647E-01
   0.119001E+00   0.155480E+00   0.171440E+00   0.182681E+00   0.198285E+00
   0.203780E+00   0.194422E+00   0.181419E+00   0.171388E+00   0.163476E+00
   0.155752E+00   0.149313E+00   0.144290E+00   0.139445E+00   0.128462E+00
   0.110163E+00   0.902088E-01   0.728004E-01   0.695293E-01   0.803647E-01
   0.891221E-01   0.717048E-01   0.326753E-01   0.388370E-02  -0.491257E-02
  -0.173717E-01  -0.617666E-01  -0.127326E+00  -0.170225E+00  -0.172670E+00
  -0.162736E+00  -0.166482E+00  -0.176473E+00  -0.168653E+00  -0.145027E+00
  -0.137795E+00  -0.155627E+00  -0.177788E+00  -0.194251E+00  -0.207700E+00
  -0.219828E+00  -0.200057E+00  -0.144246E+00  -0.802471E-01  -0.133574E-01
   0.382707E-01   0.586346E-01   0.780839E-01   0.115173E+00   0.158974E+00
   0.195755E+00   0.204218E+00   0.162934E+00   0.111513E+00   0.933280E-01
   0.971477E-01   0.851248E-01   0.507686E-01   0.205043E-01   0.148356E-01
   0.156910E-01   0.285683E-02  -0.171111E-01  -0.237471E-01  -0.145679E-01
  -0.120159E-01  -0.272149E-01  -0.503813E-01  -0.704347E-01  -0.869648E-01
  -0.102574E+00  -0.118539E+00  -0.136848E+00  -0.155632E+00  -0.162927E+00
  -0.149805E+00  -0.125824E+00  -0.109009E+00  -0.104879E+00  -0.928179E-01
  -0.639957E-01  -0.327687E-01  -0.227782E-01  -0.236175E-01  -0.778689E-02
   0.229024E-01   0.537587E-01   0.780307E-01   0.877495E-01   0.814513E-01
   0.762970E-01   0.794452E-01   0.781618E-01   0.613904E-01   0.360216E-01
   0.121364E-01  -0.710084E-02  -0.847346E-02   0.136308E-01   0.443585E-01
   0.695222E-01   0.657365E-01   0.379396E-01   0.355696E-01   0.742962E-01
   0.124803E+00   0.164919E+00   0.168090E+00   0.130750E+00   0.815387E-01
   0.618985E-01   0.871519E-01   0.100589E+00   0.792312E-01   0.736723E-01
   0.829356E-01   0.808408E-01   0.787847E-01   0.882215E-01   0.100611E+00
   0.810563E-01   0.294981E-01  -0.422188E-03   0.140246E-01   0.450375E-01
   0.565337E-01   0.400673E-01   0.277087E-01   0.360271E-01   0.512276E-01
   0.606257E-01   0.496695E-01   0.167738E-01  -0.232004E-01  -0.586381E-01
  -0.723313E-01  -0.784958E-01  -0.109227E+00  -0.159489E+00  -0.190360E+00
  -0.161150E+00  -0.923889E-01  -0.490291E-01  -0.514585E-01  -0.654812E-01
  -0.534152E-01  -0.257312E-01  -0.256769E-01  -0.479398E-01  -0.623423E-01
  -0.653617E-01  -0.625777E-01  -0.468210E-01  -0.194243E-01   0.312837E-02
   0.805588E-02   0.173129E-02  -0.431191E-02  -0.107003E-01  -0.215078E-01
  -0.350564E-01  -0.475322E-01  -0.490721E-01  -0.249593E-01   0.156691E-01
   0.453499E-01   0.593596E-01   0.697184E-01   0.750493E-01   0.520842E-01
   0.997875E-02  -0.108543E-01  -0.154592E-01  -0.276270E-01  -0.479971E-01
  -0.664208E-01  -0.660365E-01  -0.493706E-01  -0.313605E-01  -0.160335E-01
   0.300185E-02   0.272850E-01   0.519015E-01   0.731178E-01   0.752873E-01
   0.541720E-01   0.381860E-01   0.393427E-01   0.317991E-01   0.113083E-02
  -0.267825E-01  -0.224995E-01   0.492750E-02   0.315522E-01   0.508364E-01
   0.607004E-01   0.629669E-01   0.557258E-01   0.378833E-01   0.163641E-01
  -0.658844E-03  -0.154478E-01  -0.382892E-01  -0.681311E-01  -0.927599E-01
  -0.957620E-01  -0.817218E-01  -0.680886E-01  -0.600966E-01  -0.524463E-01
  -0.391675E-01  -0.243340E-01  -0.227981E-01  -0.349916E-01  -0.487947E-01
  -0.592920E-01  -0.680512E-01  -0.770051E-01  -0.854221E-01  -0.900631E-01
  -0.881416E-01  -0.872100E-01  -0.991069E-01  -0.120531E+00  -0.128849E+00
  -0.118853E+00  -0.104253E+00  -0.939367E-01  -0.923595E-01  -0.980544E-01
  -0.105122E+00  -0.111484E+00  -0.115865E+00  -0.101039E+00  -0.601917E-01
  -0.215818E-01  -0.197473E-02   0.835060E-02   0.209017E-01   0.349186E-01
   0.424446E-01   0.402767E-01   0.239931E-01  -0.359355E-02  -0.315097E-01
  -0.556006E-01  -0.572534E-01  -0.356589E-01  -0.853228E-02   0.182997E-01
   0.590913E-01   0.114156E+00   0.166026E+00   0.188542E+00   0.193908E+00
   0.206523E+00   0.224319E+00   0.220035E+00   0.164417E+00   0.836100E-01
   0.316475E-01   0.128970E-01  -0.120558E-02  -0.227345E-01  -0.451598E-01
  -0.513560E-01  -0.318955E-01   0.348113E-03   0.305812E-01   0.564364E-01
   0.799488E-01   0.795139E-01   0.502806E-01   0.139254E-01  -0.169675E-01
  -0.437290E-01  -0.704638E-01  -0.884695E-01  -0.798306E-01  -0.501201E-01
  -0.194520E-01   0.420830E-02   0.171875E-01   0.234220E-01   0.357664E-01
   0.577241E-01   0.780594E-01   0.730125E-01   0.449366E-01   0.267835E-01
   0.273929E-01   0.249199E-01   0.933249E-02  -0.848073E-02  -0.472505E-02
   0.249198E-01   0.606543E-01   0.914046E-01   0.118358E+00   0.144618E+00
   0.152760E+00   0.142533E+00   0.137910E+00   0.144257E+00   0.138440E+00
   0.114214E+00   0.861329E-01   0.673584E-01   0.627696E-01   0.645720E-01
   0.490946E-01   0.103441E-01  -0.341468E-01  -0.624311E-01  -0.655251E-01
  -0.631215E-01  -0.754157E-01  -0.983331E-01  -0.118674E+00  -0.133548E+00
  -0.147384E+00  -0.162410E+00  -0.176551E+00  -0.180826E+00  -0.162181E+00
  -0.128356E+00  -0.956550E-01  -0.761303E-01  -0.677859E-01  -0.562482E-01
  -0.319438E-01  -0.453046E-04   0.295373E-01   0.455822E-01   0.434773E-01
   0.330249E-01   0.210564E-01   0.167377E-02  -0.183316E-01  -0.153688E-01
   0.789023E-02   0.200813E-01   0.113950E-01   0.244955E-02   0.812547E-02
   0.226601E-01   0.350171E-01   0.412998E-01   0.406153E-01   0.366269E-01
   0.358169E-01   0.412523E-01   0.489813E-01   0.514195E-01   0.393824E-01
   0.171498E-01  -0.505821E-02  -0.240979E-01  -0.420888E-01  -0.599939E-01
  -0.736357E-01  -0.788573E-01  -0.666295E-01  -0.320967E-01   0.122358E-01
   0.512995E-01   0.680005E-01   0.659099E-01   0.599399E-01   0.463316E-01
   0.227974E-01  -0.336549E-02  -0.272340E-01  -0.476483E-01  -0.499457E-01
  -0.289193E-01  -0.321832E-03   0.251662E-01   0.470148E-01   0.671320E-01
   0.600235E-01   0.229089E-01  -0.192244E-01  -0.502566E-01  -0.649234E-01
  -0.709922E-01  -0.768306E-01  -0.778812E-01  -0.641260E-01  -0.395631E-01
  -0.152409E-01   0.330297E-02   0.112135E-01   0.112988E-01   0.105375E-01
   0.111471E-01   0.112691E-01  -0.720806E-03  -0.265728E-01  -0.545397E-01
  -0.703588E-01  -0.627377E-01  -0.409390E-01  -0.184880E-01   0.399352E-02
   0.293233E-01   0.554193E-01   0.788884E-01   0.803333E-01   0.598509E-01
   0.443724E-01   0.478311E-01   0.572649E-01   0.573980E-01   0.530492E-01
   0.577346E-01   0.715560E-01   0.855224E-01   0.918835E-01   0.903413E-01
   0.895926E-01   0.943279E-01   0.101504E+00   0.107139E+00   0.111433E+00
   0.114557E+00   0.114655E+00   0.110166E+00   0.983345E-01   0.809212E-01
   0.634002E-01   0.461232E-01   0.262709E-01   0.481657E-02  -0.705553E-02
  -0.554642E-02   0.603594E-03   0.505297E-02   0.740428E-02   0.852847E-02
   0.869541E-02   0.866789E-02   0.838918E-02   0.545769E-02  -0.883948E-02
  -0.330383E-01  -0.579190E-01  -0.795999E-01  -0.978215E-01  -0.111359E+00
  -0.121363E+00  -0.130379E+00  -0.139153E+00  -0.142475E+00  -0.138393E+00
  -0.131527E+00  -0.123304E+00  -0.111409E+00  -0.966330E-01  -0.818299E-01
  -0.679005E-01  -0.493017E-01  -0.245707E-01   0.134449E-02   0.250899E-01
   0.431357E-01   0.437636E-01   0.289696E-01   0.123977E-01  -0.830127E-03
  -0.124331E-01  -0.247725E-01  -0.368882E-01  -0.435562E-01  -0.377136E-01
  -0.235252E-01  -0.991368E-02   0.928242E-05   0.848099E-02   0.176334E-01
   0.272017E-01   0.320000E-01   0.310143E-01   0.285024E-01   0.268719E-01
   0.256408E-01   0.207397E-01   0.751183E-02  -0.112214E-01  -0.295313E-01
  -0.451194E-01  -0.481501E-01  -0.355701E-01  -0.179720E-01  -0.810952E-02
  -0.114909E-01  -0.154146E-01  -0.101833E-01  -0.280875E-03   0.816499E-02
   0.144892E-01   0.191822E-01   0.205549E-01   0.189980E-01   0.167120E-01
   0.110761E-01  -0.791359E-04  -0.137846E-01  -0.267455E-01  -0.384224E-01
  -0.496465E-01  -0.607149E-01  -0.711862E-01  -0.778891E-01  -0.764332E-01
  -0.707609E-01  -0.688106E-01  -0.710794E-01  -0.736868E-01  -0.750166E-01
  -0.754446E-01  -0.681236E-01  -0.488335E-01  -0.243293E-01  -0.131973E-02
   0.192870E-01   0.391092E-01   0.556960E-01   0.635797E-01   0.595141E-01
   0.453767E-01   0.275791E-01   0.114577E-01   0.456316E-02   0.140638E-01
   0.333078E-01   0.512644E-01   0.590950E-01   0.590860E-01   0.600140E-01
   0.669255E-01   0.774597E-01   0.868324E-01   0.873619E-01   0.761382E-01
   0.603377E-01   0.457378E-01   0.304601E-01   0.118639E-01  -0.772411E-02
  -0.238409E-01  -0.334979E-01  -0.394907E-01  -0.437867E-01  -0.456784E-01
  -0.452751E-01  -0.440110E-01  -0.354919E-01  -0.189069E-01  -0.121673E-02
   0.936194E-02   0.124520E-01   0.151278E-01   0.217261E-01   0.307405E-01
   0.389414E-01   0.452082E-01   0.464175E-01   0.492476E-01   0.580688E-01
   0.645548E-01   0.610645E-01   0.509939E-01   0.431935E-01   0.427243E-01
   0.465530E-01   0.422362E-01   0.282254E-01   0.127195E-01  -0.113426E-03
  -0.108719E-01  -0.162994E-01  -0.162111E-01  -0.148598E-01  -0.145404E-01
  -0.171240E-01  -0.235550E-01  -0.319052E-01  -0.399288E-01  -0.471432E-01
  -0.537957E-01  -0.560397E-01  -0.514364E-01  -0.436313E-01  -0.363819E-01
  -0.302201E-01  -0.242027E-01  -0.180028E-01  -0.122323E-01  -0.109544E-01
  -0.172178E-01  -0.273936E-01  -0.367057E-01  -0.395309E-01  -0.358733E-01
  -0.307852E-01  -0.267359E-01  -0.230493E-01  -0.188367E-01  -0.144497E-01
  -0.103491E-01  -0.656450E-02  -0.388265E-02  -0.894726E-02  -0.212866E-01
  -0.249155E-01  -0.147574E-01  -0.113065E-02   0.842516E-02   0.131772E-01
   0.173100E-01   0.224357E-01   0.275304E-01   0.316715E-01   0.320588E-01
   0.279490E-01   0.221322E-01   0.159815E-01   0.751955E-02  -0.330926E-02
  -0.133868E-01  -0.153123E-01  -0.900189E-02   0.900099E-03   0.116582E-01
   0.217342E-01   0.306543E-01   0.355194E-01   0.367686E-01   0.371668E-01
   0.381698E-01   0.392598E-01   0.400553E-01   0.413352E-01   0.438000E-01
   0.466988E-01   0.493339E-01   0.515723E-01   0.533287E-01   0.504360E-01
   0.396112E-01   0.245697E-01   0.103172E-01  -0.214194E-02  -0.139147E-01
  -0.253582E-01  -0.337556E-01  -0.386199E-01  -0.423939E-01  -0.463823E-01
  -0.502118E-01  -0.509308E-01  -0.466397E-01  -0.397758E-01  -0.334200E-01
  -0.287478E-01  -0.310162E-01  -0.398833E-01  -0.494804E-01  -0.571867E-01
  -0.620804E-01  -0.590344E-01  -0.486718E-01  -0.375578E-01  -0.282415E-01
  -0.201195E-01  -0.125941E-01  -0.654474E-02  -0.165852E-02   0.269277E-02
   0.701444E-02   0.110671E-01   0.148465E-01   0.182665E-01   0.214503E-01
   0.234711E-01   0.244547E-01   0.250437E-01   0.256953E-01   0.262567E-01
   0.267975E-01   0.273961E-01   0.281813E-01   0.288325E-01   0.293601E-01
   0.293159E-01   0.281441E-01   0.260304E-01   0.239911E-01   0.221401E-01
   0.204366E-01   0.181132E-01   0.152603E-01   0.122907E-01   0.968884E-02
   0.715737E-02   0.354288E-02  -0.333865E-02  -0.121738E-01  -0.206191E-01
  -0.276684E-01  -0.341085E-01  -0.399936E-01  -0.446841E-01  -0.377931E-01
  -0.263954E-01  -0.216530E-01  -0.210328E-01  -0.199965E-01  -0.173756E-01
  -0.149341E-01  -0.136004E-01  -0.133486E-01  -0.132828E-01  -0.130838E-01
  -0.123957E-01  -0.902237E-02  -0.307084E-02   0.288725E-02   0.791920E-02
   0.122155E-01   0.163003E-01   0.200674E-01   0.234208E-01   0.262924E-01
   0.287187E-01   0.297326E-01   0.286623E-01   0.264472E-01   0.243430E-01
   0.225857E-01   0.209678E-01   0.196367E-01   0.187312E-01   0.179187E-01
   0.170356E-01   0.160405E-01   0.144560E-01   0.118043E-01   0.872062E-02
   0.594929E-02   0.371651E-02   0.214663E-02   0.110581E-02   0.230717E-03
  -0.563688E-03  -0.113482E-02  -0.122284E-02  -0.100003E-02  -0.665417E-03
  -0.308553E-03   0.328764E-04   0.337229E-03   0.771959E-03   0.141006E-02
   0.206876E-02   0.257305E-02   0.292629E-02   0.317209E-02   0.331687E-02
   0.327488E-02   0.221040E-02   0.262367E-03  -0.156788E-02  -0.292784E-02
  -0.395258E-02  -0.482983E-02  -0.553496E-02  -0.602012E-02  -0.591701E-02
  -0.491748E-02  -0.349150E-02  -0.228326E-02  -0.139715E-02  -0.708328E-03
  -0.130112E-03   0.302720E-03   0.569044E-03   0.640448E-03   0.566552E-03
   0.217599E-03  -0.399384E-03  -0.103195E-02  -0.128630E-02  -0.119637E-02
  -0.123227E-02  -0.150970E-02  -0.181882E-02  -0.204835E-02  -0.222713E-02
  -0.238903E-02  -0.251638E-02  -0.261509E-02  -0.270448E-02  -0.279605E-02
  -0.288443E-02  -0.296425E-02  -0.303094E-02  -0.308608E-02  -0.312782E-02
  -0.315681E-02  -0.317037E-02  -0.316957E-02  -0.314983E-02  -0.311359E-02
  -0.306534E-02  -0.301799E-02  -0.296611E-02  -0.289445E-02  -0.279829E-02
  -0.268304E-02  -0.255344E-02  -0.241217E-02  -0.226036E-02  -0.209982E-02
  -0.193316E-02  -0.176326E-02  -0.159110E-02  -0.141742E-02  -0.124276E-02
  -0.106814E-02  -0.893889E-03  -0.720277E-03  -0.547798E-03  -0.377196E-03
  -0.208968E-03  -0.434744E-04   0.119100E-03   0.278608E-03   0.434922E-03