  -0.108788E-02  -0.107225E-02  -0.106844E-02  -0.105564E-02  -0.105163E-02
  -0.103393E-02  -0.102112E-02  -0.998138E-03  -0.995392E-03  -0.995755E-03
  -0.101491E-02  -0.103218E-02  -0.106779E-02  -0.109138E-02  -0.111662E-02
  -0.113319E-02  -0.116434E-02  -0.119208E-02  -0.122966E-02  -0.122683E-02
  -0.117463E-02  -0.107497E-02  -0.974878E-03  -0.984793E-03  -0.116248E-02
  -0.140223E-02  -0.166216E-02  -0.192052E-02  -0.204902E-02  -0.197191E-02
  -0.182439E-02  -0.167104E-02  -0.152570E-02  -0.135425E-02  -0.120869E-02
  -0.108678E-02  -0.971032E-03  -0.862476E-03  -0.972888E-03  -0.132267E-02
  -0.174920E-02  -0.215935E-02  -0.252029E-02  -0.268127E-02  -0.263931E-02
  -0.255656E-02  -0.249227E-02  -0.242250E-02  -0.230175E-02  -0.211510E-02
  -0.163811E-02  -0.159448E-02  -0.237780E-02  -0.291457E-02  -0.238512E-02
  -0.179276E-02  -0.189004E-02  -0.229347E-02  -0.218331E-02  -0.147708E-02
  -0.828381E-03  -0.157545E-02  -0.250312E-02  -0.675830E-03   0.347414E-02
   0.465373E-02   0.762624E-03  -0.561288E-02  -0.941628E-02  -0.786461E-02
  -0.359854E-02  -0.750341E-03  -0.181604E-02  -0.401389E-02  -0.439551E-02
  -0.395801E-02  -0.413168E-02  -0.537994E-02  -0.493888E-02   0.735614E-03
   0.960141E-02  -0.804322E-03  -0.157938E-01  -0.116858E-01   0.340474E-02
   0.104031E-01  -0.112610E-02  -0.187444E-01  -0.169816E-01   0.516891E-02
   0.146247E-01   0.280060E-02  -0.995794E-02  -0.441875E-02   0.131492E-01
   0.128377E-01  -0.996379E-02  -0.202197E-01  -0.399664E-02   0.125617E-01
   0.425181E-02  -0.202430E-01  -0.393915E-01  -0.249612E-01   0.164610E-01
   0.311748E-01   0.473788E-02  -0.166725E-01  -0.843671E-02   0.120084E-01
   0.169756E-01   0.473994E-02  -0.923588E-02  -0.114552E-01   0.130689E-02
   0.940317E-02  -0.101834E-02  -0.930689E-02  -0.448828E-02  -0.706849E-03
  -0.532653E-02  -0.100604E-01  -0.983940E-02  -0.250580E-02   0.121760E-01
   0.158218E-01  -0.679454E-02  -0.231339E-01  -0.977473E-02   0.171909E-01
   0.228094E-01   0.200950E-02  -0.228712E-01  -0.245134E-01  -0.443671E-02
   0.113853E-01   0.804776E-02  -0.627535E-02  -0.103559E-01   0.878770E-03
   0.724901E-02  -0.101571E-02  -0.569751E-02   0.276080E-02   0.127386E-01
   0.154624E-01   0.796243E-02  -0.662126E-02  -0.206794E-01  -0.154151E-01
   0.748431E-03  -0.356177E-02  -0.160706E-01  -0.151829E-01  -0.429161E-02
   0.576386E-02   0.119935E-01   0.140873E-01   0.705606E-02   0.179601E-02
   0.747288E-02   0.143234E-01   0.891172E-02  -0.512489E-02  -0.471494E-02
   0.124512E-01   0.208059E-01   0.117602E-01  -0.170767E-02  -0.138374E-01
  -0.660102E-02   0.132096E-01   0.936023E-02  -0.302549E-02   0.115873E-01
   0.367463E-01   0.368854E-01   0.140696E-01  -0.894611E-02  -0.817643E-02
   0.136680E-01   0.172704E-01  -0.430793E-02  -0.126723E-01  -0.284415E-02
   0.459787E-02   0.440567E-02   0.225266E-02   0.265746E-02   0.335431E-02
   0.278138E-02   0.492207E-02   0.940630E-02   0.797083E-02   0.652977E-02
   0.124042E-01   0.157601E-01   0.521556E-02  -0.169519E-02   0.309088E-03
  -0.291071E-02   0.172254E-03   0.681122E-02   0.115427E-01   0.177222E-01
   0.181734E-01   0.106754E-01   0.555539E-03  -0.187384E-02   0.517696E-02
   0.149648E-01   0.205070E-01   0.146073E-01   0.374967E-03  -0.281840E-02
   0.620435E-02   0.721662E-02   0.229370E-03  -0.166378E-02  -0.193349E-02
  -0.629680E-02  -0.311242E-02   0.741548E-02   0.109301E-01   0.460109E-02
  -0.399618E-02  -0.612552E-02  -0.323660E-02  -0.198495E-03   0.959372E-03
   0.177008E-02   0.283470E-02   0.328922E-02   0.101422E-02  -0.134282E-02
   0.408213E-02   0.169022E-01   0.154300E-01   0.201679E-02  -0.745300E-02
  -0.874588E-02  -0.564897E-02  -0.278146E-02  -0.292032E-03   0.393048E-02
   0.754918E-02   0.860611E-02   0.857898E-02   0.894724E-02   0.963677E-02
   0.698866E-02  -0.567759E-04  -0.707377E-02  -0.901325E-02  -0.602887E-02
  -0.668217E-03   0.665734E-02   0.136133E-01   0.127271E-01   0.386041E-02
   0.126775E-01   0.125566E-01   0.571879E-03  -0.849654E-03  -0.921490E-02
  -0.210441E-01  -0.135217E-01   0.116938E-01   0.296018E-01   0.950175E-02
  -0.133823E-01  -0.583673E-02   0.120017E-01   0.226453E-01   0.177471E-01
  -0.144791E-02  -0.144132E-01  -0.237582E-02   0.699313E-02  -0.618462E-02
  -0.192087E-01  -0.663896E-02   0.215706E-01   0.470979E-01   0.405660E-01
   0.153111E-01   0.102118E-01   0.203139E-01   0.274065E-02  -0.193684E-01
  -0.141296E-01  -0.987710E-04  -0.594254E-02  -0.308921E-01  -0.459896E-01
  -0.305199E-01   0.285453E-02   0.728144E-02  -0.241246E-01  -0.614005E-01
  -0.897565E-01  -0.100016E+00  -0.856098E-01  -0.665092E-01  -0.678987E-01
  -0.654819E-01  -0.705467E-01  -0.102703E+00  -0.117048E+00  -0.752963E-01
  -0.164847E-01   0.149916E-01   0.217041E-01   0.997064E-02  -0.102390E-01
  -0.424790E-02   0.229476E-01   0.254686E-01   0.179845E-01   0.194824E-02
  -0.175974E-01  -0.221772E-01  -0.339400E-01  -0.297408E-01   0.117532E-01
   0.681925E-01   0.988843E-01   0.982508E-01   0.771292E-01   0.537730E-01
   0.428352E-01   0.128811E-01  -0.386379E-01  -0.450096E-01   0.582005E-02
   0.277435E-01   0.606995E-02  -0.179860E-01  -0.361742E-01  -0.126677E-01
   0.574976E-01   0.125651E+00   0.171013E+00   0.177598E+00   0.115947E+00
   0.101630E-01  -0.128132E-01   0.669758E-01   0.110138E+00   0.613160E-01
  -0.173557E-01  -0.776147E-01  -0.120421E+00  -0.107996E+00  -0.240015E-01
   0.378657E-01   0.290642E-01  -0.141789E-01  -0.513107E-01  -0.551126E-01
  -0.198815E-01   0.185180E-01   0.345383E-01   0.233052E-01  -0.197360E-02
  -0.118437E-01   0.165044E-01   0.702762E-01   0.123667E+00   0.159875E+00
   0.149504E+00   0.997109E-01   0.478071E-01   0.445528E-01   0.983925E-01
   0.152087E+00   0.176560E+00   0.148982E+00   0.881287E-01   0.388245E-01
   0.174766E-01   0.122421E-01  -0.136528E-01  -0.661480E-01  -0.106920E+00
  -0.114942E+00  -0.973480E-01  -0.933849E-01  -0.113833E+00  -0.108912E+00
  -0.475052E-01  -0.932277E-02  -0.365294E-01  -0.767234E-01  -0.898620E-01
  -0.918764E-01  -0.109082E+00  -0.124894E+00  -0.134399E+00  -0.151823E+00
  -0.169420E+00  -0.146370E+00  -0.821846E-01  -0.115486E-01   0.484195E-01
   0.767282E-01   0.527561E-01  -0.443079E-02  -0.601749E-01  -0.744743E-01
  -0.218957E-01   0.265300E-01   0.381054E-01   0.629145E-01   0.118644E+00
   0.175012E+00   0.207728E+00   0.227201E+00   0.243835E+00   0.230650E+00
   0.180694E+00   0.111333E+00   0.389046E-01   0.127573E-01   0.387851E-01
   0.507509E-01   0.234567E-01   0.356701E-02   0.206408E-01   0.539966E-01
   0.506847E-01   0.254806E-02  -0.237537E-01  -0.443250E-02   0.247382E-01
   0.132836E-01  -0.447613E-01  -0.949064E-01  -0.570694E-01   0.482017E-01
   0.883719E-01   0.522346E-01   0.218174E-01   0.963024E-02  -0.147651E-01
  -0.337626E-01  -0.136491E-01   0.523695E-02  -0.117044E-01  -0.422361E-01
  -0.618015E-01  -0.401179E-01   0.138112E-01   0.624729E-01   0.675479E-01
   0.388414E-01   0.206639E-01   0.320913E-01   0.463099E-01   0.299292E-01
  -0.261372E-01  -0.880292E-01  -0.113949E+00  -0.102930E+00  -0.829630E-01
  -0.771902E-01  -0.870917E-01  -0.945525E-01  -0.878369E-01  -0.749558E-01
  -0.748420E-01  -0.872963E-01  -0.100497E+00  -0.975452E-01  -0.730563E-01
  -0.486478E-01  -0.416563E-01  -0.270681E-01   0.148323E-01   0.711436E-01
   0.106358E+00   0.949582E-01   0.301768E-01  -0.142922E-01  -0.199707E-02
   0.273921E-01   0.463020E-01   0.561855E-01   0.551763E-01   0.331520E-01
   0.930903E-04   0.327908E-02   0.585581E-01   0.109066E+00   0.115239E+00
   0.766783E-01   0.162103E-01  -0.167149E-01   0.498039E-02   0.527693E-01
   0.632331E-01   0.329535E-01   0.281305E-02  -0.553045E-03   0.222318E-01
   0.406231E-01   0.240998E-01  -0.207850E-01  -0.645646E-01  -0.817806E-01
  -0.796207E-01  -0.125145E+00  -0.191340E+00  -0.210823E+00  -0.193883E+00
  -0.183133E+00  -0.189493E+00  -0.197708E+00  -0.198400E+00  -0.195274E+00
  -0.193158E+00  -0.190133E+00  -0.180462E+00  -0.165600E+00  -0.156092E+00
  -0.158400E+00  -0.160198E+00  -0.145101E+00  -0.121758E+00  -0.996233E-01
  -0.783336E-01  -0.689741E-01  -0.485398E-01  -0.741313E-03   0.499944E-01
   0.834011E-01   0.962700E-01   0.901061E-01   0.742600E-01   0.579693E-01
   0.437864E-01   0.372094E-01   0.451898E-01   0.406089E-01   0.166618E-01
   0.129229E-01   0.380233E-01   0.521561E-01   0.353690E-01   0.669123E-02
  -0.895895E-02  -0.105363E-01  -0.118443E-01  -0.241394E-01  -0.484104E-01
  -0.745223E-01  -0.764201E-01  -0.442240E-01  -0.221839E-01  -0.332206E-01
  -0.578483E-01  -0.799949E-01  -0.995882E-01  -0.119487E+00  -0.107994E+00
  -0.830816E-01  -0.865710E-01  -0.980592E-01  -0.993615E-01  -0.100814E+00
  -0.104017E+00  -0.959612E-01  -0.772340E-01  -0.639201E-01  -0.662992E-01
  -0.696252E-01  -0.544743E-01  -0.238360E-01   0.669298E-02   0.236865E-01
   0.225788E-01   0.248988E-01   0.405865E-01   0.518612E-01   0.479635E-01
   0.394764E-01   0.344981E-01   0.363244E-01   0.517842E-01   0.781119E-01
   0.977179E-01   0.103241E+00   0.101930E+00   0.102772E+00   0.110916E+00
   0.123721E+00   0.119497E+00   0.853315E-01   0.415658E-01   0.143946E-01
   0.347098E-02   0.118635E-01   0.332924E-01   0.284523E-01  -0.395901E-02
  -0.709414E-02   0.296553E-01   0.667269E-01   0.723564E-01   0.533566E-01
   0.318562E-01   0.565626E-01   0.128077E+00   0.195740E+00   0.218986E+00
   0.212385E+00   0.214158E+00   0.224008E+00   0.211804E+00   0.164621E+00
   0.984877E-01   0.570000E-01   0.414597E-01   0.185910E-01  -0.935361E-02
  -0.958355E-02   0.192436E-01   0.350533E-01   0.153449E-01  -0.651448E-03
   0.134187E-01   0.383952E-01   0.567342E-01   0.481445E-01   0.230985E-01
   0.133698E-01   0.151087E-01   0.675722E-02  -0.122675E-01  -0.316397E-01
  -0.396183E-01  -0.387062E-01  -0.458449E-01  -0.667339E-01  -0.837523E-01
  -0.922322E-01  -0.105658E+00  -0.108414E+00  -0.926215E-01  -0.929944E-01
  -0.961805E-01  -0.673473E-01  -0.161340E-01   0.316816E-01   0.687202E-01
   0.912377E-01   0.107503E+00   0.127996E+00   0.132728E+00   0.113888E+00
   0.913636E-01   0.801610E-01   0.682029E-01   0.464629E-01   0.225676E-01
   0.496559E-02  -0.839142E-03   0.170228E-03  -0.101308E-01  -0.335812E-01
  -0.592118E-01  -0.814877E-01  -0.100670E+00  -0.925282E-01  -0.503600E-01
   0.215988E-02   0.497923E-01   0.928508E-01   0.128767E+00   0.152002E+00
   0.166338E+00   0.169768E+00   0.150042E+00   0.122186E+00   0.107794E+00
   0.103858E+00   0.103544E+00   0.104560E+00   0.108529E+00   0.115473E+00
   0.122476E+00   0.127918E+00   0.120446E+00   0.979914E-01   0.756093E-01
   0.589792E-01   0.446967E-01   0.364097E-01   0.321695E-01   0.154178E-01
  -0.105711E-01  -0.234354E-01  -0.208108E-01  -0.222939E-01  -0.460858E-01
  -0.861145E-01  -0.120744E+00  -0.139972E+00  -0.147084E+00  -0.150586E+00
  -0.148227E+00  -0.139610E+00  -0.128627E+00  -0.114480E+00  -0.925080E-01
  -0.649840E-01  -0.381261E-01  -0.292734E-01  -0.432508E-01  -0.636528E-01
  -0.544955E-01  -0.934324E-02   0.441853E-01   0.850753E-01   0.101690E+00
   0.103308E+00   0.103992E+00   0.107181E+00   0.109764E+00   0.111879E+00
   0.114154E+00   0.116362E+00   0.103052E+00   0.501944E-01  -0.321103E-01
  -0.114529E+00  -0.174629E+00  -0.193330E+00  -0.195245E+00  -0.209574E+00
  -0.234362E+00  -0.257036E+00  -0.271246E+00  -0.250999E+00  -0.196970E+00
  -0.137586E+00  -0.955012E-01  -0.728721E-01  -0.560185E-01  -0.381248E-01
  -0.367636E-01  -0.453479E-01  -0.216504E-01   0.353380E-01   0.710850E-01
   0.619717E-01   0.369758E-01   0.417339E-01   0.658866E-01   0.823410E-01
   0.102564E+00   0.133152E+00   0.156305E+00   0.162027E+00   0.148684E+00
   0.117895E+00   0.822922E-01   0.482577E-01   0.205706E-01  -0.104918E-02
  -0.105845E-01  -0.140973E-01  -0.219588E-01  -0.332534E-01  -0.287403E-01
   0.171518E-02   0.438524E-01   0.804795E-01   0.882933E-01   0.701732E-01
   0.497848E-01   0.450297E-01   0.531771E-01   0.445453E-01   0.636479E-02
  -0.447343E-01  -0.845598E-01  -0.956399E-01  -0.868675E-01  -0.893905E-01
  -0.108992E+00  -0.129503E+00  -0.126712E+00  -0.102974E+00  -0.786566E-01
  -0.646003E-01  -0.569867E-01  -0.559517E-01  -0.619652E-01  -0.700339E-01
  -0.771199E-01  -0.821108E-01  -0.852595E-01  -0.739082E-01  -0.460973E-01
  -0.147743E-01   0.135145E-01   0.393261E-01   0.583340E-01   0.686917E-01
   0.808301E-01   0.988117E-01   0.115605E+00   0.124564E+00   0.127748E+00
   0.121163E+00   0.103526E+00   0.960335E-01   0.106788E+00   0.122970E+00
   0.143775E+00   0.170809E+00   0.196715E+00   0.214940E+00   0.227493E+00
   0.209117E+00   0.152525E+00   0.841010E-01   0.212426E-01  -0.368877E-01
  -0.960665E-01  -0.156352E+00  -0.209424E+00  -0.235197E+00  -0.242207E+00
  -0.249500E+00  -0.229370E+00  -0.171950E+00  -0.103836E+00  -0.449851E-01
  -0.356549E-01  -0.665877E-01  -0.819147E-01  -0.839306E-01  -0.988990E-01
  -0.124173E+00  -0.142497E+00  -0.149553E+00  -0.138065E+00  -0.111203E+00
  -0.771963E-01  -0.393211E-01  -0.725549E-03   0.367250E-01   0.652694E-01
   0.849458E-01   0.102691E+00   0.118211E+00   0.117467E+00   0.100251E+00
   0.815220E-01   0.707957E-01   0.656378E-01   0.614052E-01   0.592793E-01
   0.591583E-01   0.541147E-01   0.463958E-01   0.532782E-01   0.738698E-01
   0.763727E-01   0.518184E-01   0.266764E-01   0.898960E-02  -0.128542E-01
  -0.430019E-01  -0.747552E-01  -0.103121E+00  -0.112680E+00  -0.108190E+00
  -0.105768E+00  -0.106860E+00  -0.977830E-01  -0.593795E-01   0.126117E-03
   0.590879E-01   0.940186E-01   0.103676E+00   0.102492E+00   0.903786E-01
   0.691020E-01   0.461654E-01   0.384150E-01   0.470699E-01   0.561268E-01
   0.476729E-01   0.242161E-01   0.363235E-02  -0.671634E-02  -0.119421E-01
  -0.155488E-01  -0.146471E-01  -0.100705E-01  -0.409157E-02   0.150059E-02
   0.428692E-02  -0.305453E-02  -0.187429E-01  -0.350456E-01  -0.387211E-01
  -0.260294E-01  -0.130296E-01  -0.440356E-01  -0.104764E+00  -0.141583E+00
  -0.149663E+00  -0.151763E+00  -0.144807E+00  -0.119062E+00  -0.938770E-01
  -0.712624E-01  -0.395549E-01  -0.137574E-01  -0.353366E-02   0.110731E-01
   0.385217E-01   0.669277E-01   0.810144E-01   0.595466E-01   0.204214E-01
   0.160938E-01   0.474301E-01   0.787860E-01   0.914881E-01   0.957071E-01
   0.978403E-01   0.102352E+00   0.121842E+00   0.151808E+00   0.143518E+00
   0.901651E-01   0.280658E-01  -0.232010E-01  -0.522542E-01  -0.524066E-01
  -0.483671E-01  -0.611031E-01  -0.742011E-01  -0.665723E-01  -0.448288E-01
  -0.318601E-01  -0.418796E-01  -0.648323E-01  -0.853988E-01  -0.841968E-01
  -0.679914E-01  -0.580588E-01  -0.562759E-01  -0.499575E-01  -0.329083E-01
  -0.121652E-01   0.451174E-02   0.834723E-02  -0.224440E-02  -0.183770E-01
  -0.229333E-01  -0.299946E-02   0.298234E-01   0.387318E-01   0.234457E-01
   0.172873E-01   0.280320E-01   0.406608E-01   0.419995E-01   0.335401E-01
   0.224715E-01   0.126275E-01   0.288326E-02  -0.100840E-01  -0.250209E-01
  -0.287377E-01  -0.204344E-01  -0.135902E-01  -0.144555E-01  -0.179568E-01
  -0.194056E-01  -0.916023E-02   0.139793E-01   0.394415E-01   0.403810E-01
   0.952947E-02  -0.400448E-02   0.196639E-01   0.527559E-01   0.704380E-01
   0.652439E-01   0.321831E-01  -0.180411E-01  -0.509680E-01  -0.792512E-01
  -0.105049E+00  -0.114260E+00  -0.115373E+00  -0.120869E+00  -0.102070E+00
  -0.498241E-01   0.108248E-01   0.643690E-01   0.103273E+00   0.105625E+00
   0.754492E-01   0.291692E-01  -0.245903E-02  -0.180610E-02   0.100632E-02
  -0.242966E-01  -0.519387E-01  -0.457478E-01  -0.255578E-01  -0.189131E-01
  -0.183181E-01  -0.183515E-01  -0.307722E-01  -0.510429E-01  -0.690996E-01
  -0.660197E-01  -0.428323E-01  -0.214268E-01  -0.120295E-01  -0.245352E-01
  -0.568771E-01  -0.707533E-01  -0.684718E-01  -0.535794E-01  -0.126348E-01
   0.429329E-01   0.662887E-01   0.486079E-01   0.362542E-01   0.557120E-01
   0.924831E-01   0.123840E+00   0.135177E+00   0.106491E+00   0.662441E-01
   0.578925E-01   0.697490E-01   0.747169E-01   0.698283E-01   0.571861E-01
   0.492583E-01   0.579034E-01   0.765100E-01   0.936366E-01   0.106002E+00
   0.918823E-01   0.534713E-01   0.188338E-01  -0.245066E-01  -0.799969E-01
  -0.107659E+00  -0.113151E+00  -0.107930E+00  -0.810498E-01  -0.578188E-01
  -0.620404E-01  -0.874264E-01  -0.115893E+00  -0.111527E+00  -0.717539E-01
  -0.286395E-01  -0.131582E-01  -0.128971E-01   0.185230E-02   0.306313E-01
   0.605089E-01   0.852603E-01   0.105590E+00   0.117724E+00   0.123407E+00
   0.125160E+00   0.123778E+00   0.120875E+00   0.118616E+00   0.119061E+00
   0.122576E+00   0.104814E+00   0.537634E-01  -0.934956E-02  -0.376981E-01
  -0.257940E-01  -0.215507E-01  -0.318750E-01  -0.295861E-01  -0.107371E-01
   0.638407E-02   0.131556E-02  -0.212980E-01  -0.433882E-01  -0.450934E-01
  -0.267293E-01  -0.699058E-02   0.239479E-02  -0.184418E-02  -0.129784E-01
  -0.104150E-01   0.162128E-01   0.247340E-01   0.126208E-01   0.703780E-02
   0.571208E-03  -0.209128E-01  -0.524879E-01  -0.717627E-01  -0.679576E-01
  -0.533075E-01  -0.422787E-01  -0.367628E-01  -0.235385E-01   0.295975E-02
   0.339614E-01   0.605648E-01   0.512087E-01  -0.614093E-02  -0.558970E-01
  -0.543593E-01  -0.274424E-01  -0.159233E-01  -0.311414E-01  -0.534099E-01
  -0.403347E-01   0.546494E-02   0.284332E-01  -0.296025E-03  -0.280493E-01
  -0.343736E-01  -0.489583E-01  -0.831697E-01  -0.124433E+00  -0.154193E+00
  -0.139306E+00  -0.883733E-01  -0.461076E-01  -0.235109E-01  -0.161516E-01
  -0.276370E-01  -0.351834E-01  -0.195859E-01  -0.901298E-02  -0.279224E-01
  -0.578703E-01  -0.619046E-01  -0.340296E-01   0.614383E-02   0.432945E-01
   0.772197E-01   0.104074E+00   0.836662E-01   0.160202E-01  -0.278819E-01
  -0.153860E-01   0.196309E-01   0.286944E-01   0.110271E-01  -0.141379E-01
  -0.362169E-01  -0.242764E-01   0.702647E-02   0.159418E-01   0.189193E-01
   0.132352E-01  -0.155615E-01  -0.577216E-01  -0.816126E-01  -0.716807E-01
  -0.463804E-01  -0.460195E-01  -0.764317E-01  -0.105690E+00  -0.807406E-01
  -0.213023E-01  -0.717847E-02  -0.316258E-01  -0.355344E-01  -0.115633E-01
   0.114468E-01   0.227124E-01   0.311215E-01   0.440516E-01   0.594027E-01
   0.735101E-01   0.861649E-01   0.986806E-01   0.106482E+00   0.107515E+00
   0.105976E+00   0.102133E+00   0.854252E-01   0.532178E-01   0.161902E-01
  -0.182941E-01  -0.355375E-01  -0.271117E-01  -0.158244E-01  -0.170222E-01
  -0.157888E-01  -0.938908E-02  -0.927687E-02  -0.121032E-01  -0.142978E-01
  -0.281689E-01  -0.539454E-01  -0.785596E-01  -0.912583E-01  -0.101037E+00
  -0.957847E-01  -0.693438E-01  -0.335873E-01   0.272035E-02   0.374845E-01
   0.699850E-01   0.658040E-01  -0.906485E-02  -0.763923E-01  -0.765972E-01
  -0.404796E-01  -0.804667E-02  -0.184313E-01  -0.543207E-01  -0.522790E-01
  -0.671929E-02   0.186505E-01   0.177158E-02  -0.147967E-01  -0.741273E-02
   0.880713E-02   0.180768E-01   0.136546E-01   0.296856E-02   0.654634E-02
   0.308909E-01   0.401688E-01   0.155194E-01  -0.142407E-01  -0.203441E-01
  -0.435215E-02   0.160083E-01   0.273091E-01   0.296429E-01   0.375544E-01
   0.555195E-01   0.727376E-01   0.791185E-01   0.742307E-01   0.569878E-01
   0.312394E-01   0.189805E-01   0.161727E-01   0.134539E-01   0.150751E-01
   0.149060E-01   0.206212E-01   0.395097E-01   0.636923E-01   0.850170E-01
   0.100068E+00   0.107855E+00   0.106830E+00   0.105573E+00   0.963952E-01
   0.646749E-01   0.180242E-01  -0.272388E-01  -0.464055E-01  -0.313456E-01
  -0.258510E-02   0.227032E-01   0.352096E-01   0.495916E-01   0.865927E-01
   0.139600E+00   0.179335E+00   0.181169E+00   0.161509E+00   0.157064E+00
   0.153541E+00   0.128419E+00   0.905942E-01   0.547670E-01   0.245280E-01
   0.444127E-02  -0.381768E-02  -0.724373E-02  -0.102224E-01  -0.131808E-01
  -0.154873E-01  -0.182965E-01  -0.350965E-01  -0.678484E-01  -0.102579E+00
  -0.120337E+00  -0.114666E+00  -0.946306E-01  -0.759287E-01  -0.739261E-01
  -0.765425E-01  -0.688224E-01  -0.541303E-01  -0.588948E-01  -0.890088E-01
  -0.125220E+00  -0.144907E+00  -0.141587E+00  -0.139310E+00  -0.154258E+00
  -0.147860E+00  -0.104569E+00  -0.526326E-01  -0.278581E-01  -0.355832E-01
  -0.515040E-01  -0.614905E-01  -0.513930E-01  -0.224183E-01   0.106231E-01
   0.320498E-01   0.304182E-01   0.142434E-01   0.426970E-02   0.473215E-02
   0.706345E-02   0.667039E-02   0.545646E-02   0.873025E-02   0.192195E-01
   0.240772E-01   0.171810E-01   0.213730E-01   0.469489E-01   0.799770E-01
   0.108476E+00   0.114989E+00   0.767710E-01   0.208488E-01   0.889680E-03
   0.210863E-01   0.539565E-01   0.814150E-01   0.858459E-01   0.700760E-01
   0.736676E-01   0.105204E+00   0.127883E+00   0.124463E+00   0.120159E+00
   0.115023E+00   0.861305E-01   0.371207E-01  -0.101491E-01  -0.352274E-01
  -0.436934E-01  -0.549365E-01  -0.613649E-01  -0.428254E-01  -0.466520E-02
   0.341893E-01   0.618433E-01   0.597204E-01   0.329085E-01   0.326225E-02
  -0.194792E-01  -0.374897E-01  -0.447223E-01  -0.391054E-01  -0.286699E-01
  -0.746627E-02   0.249565E-01   0.594251E-01   0.816427E-01   0.903207E-01
   0.954255E-01   0.101679E+00   0.100325E+00   0.861037E-01   0.734440E-01
   0.804241E-01   0.102778E+00   0.121086E+00   0.127242E+00   0.127524E+00
   0.128506E+00   0.121931E+00   0.929546E-01   0.465610E-01  -0.472647E-04
  -0.287031E-01  -0.321015E-01  -0.313170E-01  -0.409270E-01  -0.554500E-01
  -0.673650E-01  -0.717011E-01  -0.668666E-01  -0.577105E-01  -0.491968E-01
  -0.487328E-01  -0.607540E-01  -0.795566E-01  -0.979039E-01  -0.113858E+00
  -0.118636E+00  -0.109063E+00  -0.991649E-01  -0.993412E-01  -0.105334E+00
  -0.108731E+00  -0.102387E+00  -0.891095E-01  -0.805971E-01  -0.799186E-01
  -0.790105E-01  -0.731295E-01  -0.682679E-01  -0.698190E-01  -0.614991E-01
  -0.268349E-01   0.235465E-01   0.676148E-01   0.891468E-01   0.948579E-01
   0.991462E-01   0.880077E-01   0.555730E-01   0.168251E-01  -0.184629E-01
  -0.501437E-01  -0.733453E-01  -0.819401E-01  -0.965244E-01  -0.114334E+00
  -0.103927E+00  -0.665568E-01  -0.254357E-01   0.800976E-02   0.215352E-01
   0.632050E-02  -0.195659E-01  -0.394173E-01  -0.541001E-01  -0.651469E-01
  -0.693708E-01  -0.632867E-01  -0.470928E-01  -0.334285E-01  -0.284115E-01
  -0.264216E-01  -0.232712E-01  -0.249370E-01  -0.366225E-01  -0.530850E-01
  -0.620820E-01  -0.599715E-01  -0.537797E-01  -0.433226E-01  -0.145272E-01
   0.315553E-01   0.799709E-01   0.124481E+00   0.166830E+00   0.208725E+00
   0.230448E+00   0.214497E+00   0.174648E+00   0.121510E+00   0.595577E-01
  -0.354758E-02  -0.634510E-01  -0.880104E-01  -0.648509E-01  -0.224119E-01
   0.152719E-01   0.473629E-01   0.804659E-01   0.114659E+00   0.130507E+00
   0.119395E+00   0.874121E-01   0.465372E-01   0.679338E-02  -0.301543E-01
  -0.495232E-01  -0.413898E-01  -0.193407E-01  -0.450621E-03  -0.161129E-01
  -0.670284E-01  -0.116902E+00  -0.133836E+00  -0.127222E+00  -0.144363E+00
  -0.192222E+00  -0.244583E+00  -0.268847E+00  -0.188408E+00  -0.248509E-01
   0.881539E-01   0.122058E+00   0.138936E+00   0.173164E+00   0.189033E+00
   0.161321E+00   0.113158E+00   0.704161E-01   0.362311E-01   0.307313E-01
   0.556165E-01   0.745920E-01   0.589008E-01   0.220433E-01   0.158664E-01
   0.503709E-01   0.922661E-01   0.111377E+00   0.876611E-01   0.385944E-01
  -0.431949E-03  -0.212245E-01  -0.448357E-01  -0.787010E-01  -0.108458E+00
  -0.973949E-01  -0.489253E-01   0.442095E-02   0.488304E-01   0.821410E-01
   0.763997E-01   0.322768E-01  -0.189402E-01  -0.629405E-01  -0.102797E+00
  -0.136625E+00  -0.157931E+00  -0.152751E+00  -0.111649E+00  -0.512432E-01
   0.981077E-02   0.693726E-01   0.129943E+00   0.187570E+00   0.186101E+00
   0.109792E+00   0.101431E-01  -0.726924E-01  -0.123646E+00  -0.157097E+00
  -0.188946E+00  -0.192285E+00  -0.154110E+00  -0.100797E+00  -0.531892E-01
  -0.236693E-01  -0.240808E-01  -0.453453E-01  -0.642588E-01  -0.658657E-01
  -0.648770E-01  -0.794014E-01  -0.103085E+00  -0.125618E+00  -0.137015E+00
  -0.110003E+00  -0.468436E-01   0.210027E-01   0.789312E-01   0.888575E-01
   0.375462E-01  -0.383631E-01  -0.965926E-01  -0.114686E+00  -0.114560E+00
  -0.122870E+00  -0.137412E+00  -0.137276E+00  -0.104062E+00  -0.514368E-01
   0.674357E-03   0.473562E-01   0.907446E-01   0.877734E-01   0.191511E-01
  -0.408908E-01  -0.504916E-01  -0.402857E-01  -0.319095E-01  -0.210629E-01
  -0.213109E-02   0.196960E-01   0.392776E-01   0.413464E-01   0.185697E-01
  -0.163115E-01  -0.453754E-01  -0.624330E-01  -0.729445E-01  -0.818274E-01
  -0.618447E-01  -0.931760E-02   0.497780E-01   0.102243E+00   0.150500E+00
   0.200500E+00   0.251363E+00   0.290930E+00   0.300292E+00   0.285964E+00
   0.270490E+00   0.264848E+00   0.266822E+00   0.267868E+00   0.249451E+00
   0.179461E+00   0.711354E-01  -0.264562E-01  -0.837203E-01  -0.116913E+00
  -0.149989E+00  -0.172129E+00  -0.174540E+00  -0.169045E+00  -0.141025E+00
  -0.804421E-01  -0.740370E-02   0.284219E-01   0.150247E-01  -0.131149E-01
  -0.333057E-01  -0.384809E-01  -0.383347E-01  -0.526920E-01  -0.816522E-01
  -0.112124E+00  -0.138631E+00  -0.160890E+00  -0.155526E+00  -0.119328E+00
  -0.768888E-01  -0.407269E-01  -0.922009E-02   0.235675E-01   0.571870E-01
   0.903763E-01   0.121752E+00   0.153299E+00   0.184484E+00   0.213257E+00
   0.216297E+00   0.186661E+00   0.146045E+00   0.119773E+00   0.116511E+00
   0.113270E+00   0.870229E-01   0.450542E-01   0.420364E-02  -0.313994E-01
  -0.615128E-01  -0.822901E-01  -0.957358E-01  -0.107941E+00  -0.120597E+00
  -0.124232E+00  -0.111903E+00  -0.914237E-01  -0.718679E-01  -0.548445E-01
  -0.402361E-01  -0.318446E-01  -0.289860E-01  -0.271619E-01  -0.243935E-01
  -0.212846E-01  -0.184756E-01  -0.141527E-01  -0.744395E-02   0.122733E-03
   0.737697E-02   0.142320E-01   0.209194E-01   0.260601E-01   0.275278E-01
   0.262992E-01   0.250204E-01   0.263066E-01   0.355288E-01   0.506665E-01
   0.536326E-01   0.389586E-01   0.294698E-01   0.392735E-01   0.567526E-01
   0.670461E-01   0.702520E-01   0.731546E-01   0.707434E-01   0.577293E-01
   0.393348E-01   0.216150E-01   0.585413E-02  -0.536791E-02  -0.663227E-02
  -0.625676E-03   0.605573E-02   0.111900E-01   0.159103E-01   0.198313E-01
   0.159456E-01   0.390130E-02  -0.945943E-02  -0.208835E-01  -0.271698E-01
  -0.277239E-01  -0.258750E-01  -0.258951E-01  -0.320341E-01  -0.407614E-01
  -0.401682E-01  -0.299271E-01  -0.182530E-01  -0.889134E-02  -0.118515E-02
   0.230082E-02   0.130307E-02  -0.793006E-03  -0.223032E-02  -0.328557E-02
  -0.466257E-02  -0.758700E-02  -0.138490E-01  -0.219503E-01  -0.238383E-01
  -0.158457E-01  -0.377475E-02   0.736169E-02   0.171027E-01   0.261546E-01
   0.223399E-01   0.385000E-02  -0.175369E-01  -0.360914E-01  -0.515449E-01
  -0.623800E-01  -0.687387E-01  -0.736525E-01  -0.713897E-01  -0.582695E-01
  -0.402117E-01  -0.273247E-01  -0.211829E-01  -0.173725E-01  -0.146184E-01
  -0.835390E-02   0.401697E-02   0.187366E-01   0.326796E-01   0.420693E-01
   0.431323E-01   0.383760E-01   0.326637E-01   0.187595E-01  -0.512268E-02
  -0.313221E-01  -0.548463E-01  -0.665048E-01  -0.624041E-01  -0.449760E-01
  -0.171451E-01   0.148215E-01   0.460852E-01   0.704216E-01   0.847806E-01
   0.923237E-01   0.761426E-01   0.285274E-01  -0.305303E-01  -0.847034E-01
  -0.110357E+00  -0.104527E+00  -0.882543E-01  -0.756684E-01  -0.665764E-01
  -0.654163E-01  -0.641814E-01  -0.584453E-01  -0.585790E-01  -0.661099E-01
  -0.700222E-01  -0.636503E-01  -0.531564E-01  -0.494956E-01  -0.565381E-01
  -0.584941E-01  -0.474542E-01  -0.318769E-01  -0.209581E-01  -0.168531E-01
  -0.152704E-01  -0.128723E-01  -0.985156E-02  -0.712236E-02  -0.283780E-02
   0.959565E-02   0.296061E-01   0.505110E-01   0.693696E-01   0.829973E-01
   0.882721E-01   0.854164E-01   0.707369E-01   0.465247E-01   0.212050E-01
  -0.231785E-02  -0.244890E-01  -0.424223E-01  -0.537983E-01  -0.626055E-01
  -0.715641E-01  -0.806412E-01  -0.787589E-01  -0.640270E-01  -0.462029E-01
  -0.399597E-01  -0.454583E-01  -0.519052E-01  -0.469093E-01  -0.291265E-01
  -0.840202E-02   0.490592E-02   0.102308E-01   0.118397E-01   0.872627E-02
   0.163620E-02  -0.638345E-02  -0.135447E-01  -0.175679E-01  -0.163243E-01
  -0.118129E-01  -0.722252E-02  -0.336581E-02   0.508306E-03   0.698367E-02
   0.163024E-01   0.260739E-01   0.320682E-01   0.322159E-01   0.291787E-01
   0.218046E-01   0.889613E-02  -0.411928E-02  -0.116077E-01  -0.176251E-01
  -0.292646E-01  -0.449319E-01  -0.596306E-01  -0.569034E-01  -0.362875E-01
  -0.126392E-01   0.738947E-02   0.257527E-01   0.451841E-01   0.641870E-01
   0.659685E-01   0.417216E-01   0.598317E-02  -0.268171E-01  -0.435614E-01
  -0.352655E-01  -0.121742E-01   0.109358E-01   0.306715E-01   0.470278E-01
   0.516374E-01   0.445017E-01   0.352069E-01   0.279157E-01   0.217988E-01
   0.152685E-01   0.146385E-01   0.227941E-01   0.345385E-01   0.450800E-01
   0.523626E-01   0.547372E-01   0.537831E-01   0.524819E-01   0.517888E-01
   0.510707E-01   0.474136E-01   0.371880E-01   0.223563E-01   0.734930E-02
  -0.594419E-02  -0.976196E-02  -0.358271E-02   0.455588E-02   0.109885E-01
   0.164750E-01   0.219526E-01   0.170376E-01  -0.133265E-02  -0.236318E-01
  -0.418452E-01  -0.519736E-01  -0.573494E-01  -0.625682E-01  -0.660076E-01
  -0.625933E-01  -0.538213E-01  -0.434783E-01  -0.329100E-01  -0.220430E-01
  -0.110031E-01  -0.486610E-03   0.332959E-02  -0.256328E-03  -0.536778E-02
  -0.918674E-02  -0.122887E-01  -0.155785E-01  -0.157638E-01  -0.118980E-01
  -0.702953E-02  -0.287821E-02   0.126121E-02   0.145757E-01   0.414228E-01
   0.685024E-01   0.751846E-01   0.639886E-01   0.512550E-01   0.426597E-01
   0.352006E-01   0.261857E-01   0.165502E-01   0.751626E-02   0.613316E-03
   0.667983E-03   0.711786E-02   0.145573E-01   0.223975E-01   0.325318E-01
   0.447135E-01   0.568158E-01   0.656850E-01   0.689036E-01   0.699945E-01
   0.763824E-01   0.834255E-01   0.776825E-01   0.605476E-01   0.422094E-01
   0.267044E-01   0.121812E-01  -0.311537E-02  -0.187408E-01  -0.329740E-01
  -0.322081E-01  -0.131117E-01   0.112684E-01   0.323020E-01   0.406480E-01
   0.377071E-01   0.307974E-01   0.213617E-01   0.970513E-02  -0.228831E-02
  -0.723646E-02  -0.254928E-02   0.565496E-02   0.125982E-01   0.175954E-01
   0.221433E-01   0.270362E-01   0.321034E-01   0.366937E-01   0.393661E-01
   0.374413E-01   0.320522E-01   0.263517E-01   0.215959E-01   0.184894E-01
   0.181068E-01   0.195607E-01   0.211604E-01   0.207378E-01   0.175576E-01
   0.132964E-01   0.933030E-02   0.564601E-02   0.189563E-02  -0.187038E-02
  -0.533663E-02  -0.419223E-02   0.605768E-02   0.158966E-01   0.877386E-02
  -0.124780E-01  -0.332291E-01  -0.386131E-01  -0.453380E-01  -0.526578E-01
  -0.609220E-01  -0.656896E-01  -0.662190E-01  -0.660163E-01  -0.666042E-01
  -0.675160E-01  -0.680601E-01  -0.678842E-01  -0.601703E-01  -0.416102E-01
  -0.243503E-01  -0.149884E-01  -0.702730E-02   0.399470E-02   0.164793E-01
   0.278948E-01   0.368011E-01   0.431457E-01   0.483972E-01   0.519929E-01
   0.500631E-01   0.432881E-01   0.361907E-01   0.339827E-01   0.369854E-01
   0.410099E-01   0.449053E-01   0.497151E-01   0.555224E-01   0.591295E-01
   0.577941E-01   0.532889E-01   0.492208E-01   0.469626E-01   0.457569E-01
   0.443791E-01   0.427018E-01   0.410227E-01   0.395174E-01   0.376745E-01
   0.306731E-01   0.177398E-01   0.387421E-02  -0.868962E-02  -0.202599E-01
  -0.314933E-01  -0.366740E-01  -0.348947E-01  -0.313160E-01  -0.289338E-01
  -0.272406E-01  -0.254344E-01  -0.242078E-01  -0.239166E-01  -0.238763E-01
  -0.236984E-01  -0.233296E-01  -0.230489E-01  -0.227926E-01  -0.225239E-01
  -0.215769E-01  -0.198392E-01  -0.178550E-01  -0.160627E-01  -0.143996E-01
  -0.127802E-01  -0.111606E-01  -0.961536E-02  -0.800135E-02  -0.629526E-02
  -0.457136E-02  -0.295939E-02  -0.141538E-02   0.278955E-04   0.137725E-02
   0.176399E-02  -0.916550E-03  -0.608550E-02  -0.107259E-01  -0.135668E-01
  -0.154214E-01  -0.174287E-01  -0.194732E-01  -0.203630E-01  -0.197816E-01
  -0.187195E-01  -0.158001E-01  -0.103106E-01  -0.382415E-02   0.211922E-02
   0.738071E-02   0.115136E-01   0.145466E-01   0.171315E-01   0.196609E-01
   0.220428E-01   0.240654E-01   0.245876E-01   0.237685E-01   0.227343E-01
   0.219201E-01   0.211288E-01   0.201939E-01   0.183733E-01   0.151139E-01
   0.111245E-01   0.730508E-02   0.385799E-02   0.634562E-03  -0.278366E-02
  -0.684685E-02  -0.112718E-01  -0.154016E-01  -0.191271E-01  -0.222563E-01
  -0.210309E-01  -0.142342E-01  -0.938895E-02  -0.113913E-01  -0.168657E-01
  -0.213903E-01  -0.245316E-01  -0.273439E-01  -0.303070E-01  -0.329429E-01
  -0.346475E-01  -0.316916E-01  -0.244926E-01  -0.170760E-01  -0.111079E-01
  -0.602670E-02  -0.120238E-02   0.309238E-02   0.522456E-02   0.519523E-02
   0.342732E-02   0.563817E-03  -0.225335E-02  -0.469343E-02  -0.681097E-02
  -0.843235E-02  -0.929139E-02  -0.970274E-02  -0.100252E-01  -0.103634E-01
  -0.106441E-01  -0.108433E-01  -0.108895E-01  -0.107102E-01  -0.103721E-01
  -0.100381E-01  -0.974779E-02  -0.947546E-02  -0.914422E-02  -0.868106E-02
  -0.814808E-02  -0.766627E-02  -0.725603E-02  -0.689889E-02  -0.657951E-02
  -0.631370E-02  -0.628545E-02  -0.653568E-02  -0.683873E-02  -0.703733E-02
  -0.711658E-02  -0.701642E-02  -0.677056E-02  -0.650655E-02  -0.625923E-02
  -0.601821E-02  -0.577996E-02  -0.558997E-02  -0.543069E-02  -0.525147E-02
  -0.503583E-02  -0.481739E-02  -0.461714E-02  -0.440755E-02  -0.414905E-02
  -0.381543E-02  -0.343820E-02  -0.306524E-02  -0.271559E-02  -0.238236E-02
  -0.204920E-02  -0.171283E-02  -0.137529E-02  -0.103982E-02  -0.707488E-03
  -0.375643E-03  -0.420648E-04   0.287383E-03   0.605950E-03   0.913378E-03
   0.121836E-02   0.152912E-02   0.183147E-02   0.210921E-02   0.235680E-02
   0.258540E-02   0.280912E-02   0.303094E-02   0.324731E-02   0.345928E-02
   0.367207E-02   0.388618E-02   0.409876E-02   0.430787E-02   0.451343E-02
   0.471609E-02   0.491608E-02   0.511296E-02   0.530610E-02   0.549512E-02
   0.568012E-02   0.586116E-02   0.603822E-02   0.621124E-02   0.638012E-02