   0.148391E-02   0.186516E-02   0.211995E-02   0.189049E-02   0.196269E-02
   0.187480E-02   0.195514E-02   0.256723E-02   0.334647E-02   0.373395E-02
   0.355679E-02   0.205397E-02  -0.268332E-03  -0.127782E-02  -0.721788E-03
   0.627731E-03   0.331029E-02   0.584445E-02   0.496375E-02   0.276494E-02
   0.190526E-02   0.258027E-02   0.525426E-02   0.740966E-02   0.662271E-02
   0.343305E-02  -0.123922E-02  -0.865414E-02  -0.147095E-01  -0.115623E-01
  -0.371630E-02   0.114626E-02   0.261050E-02   0.818822E-03  -0.209001E-02
  -0.106962E-02   0.575535E-02   0.133530E-01   0.118899E-01   0.110205E-02
  -0.632900E-02  -0.648089E-02  -0.203403E-02   0.283396E-02  -0.191693E-02
  -0.118141E-01  -0.157685E-01  -0.149942E-01  -0.110760E-01  -0.723854E-02
  -0.684330E-02  -0.718076E-02  -0.577520E-02  -0.121286E-02   0.361446E-02
   0.436074E-02  -0.104690E-02  -0.856438E-02  -0.629813E-02   0.467123E-02
   0.112108E-01   0.126854E-01   0.103167E-01   0.377568E-02   0.639542E-03
  -0.170140E-02  -0.701850E-02  -0.741772E-02  -0.410576E-02  -0.415503E-02
  -0.349111E-02   0.790805E-03  -0.175189E-02  -0.138579E-01  -0.215912E-01
  -0.168012E-01  -0.728063E-02  -0.238222E-02   0.212735E-02   0.866343E-02
   0.114656E-01   0.118098E-01   0.132018E-01   0.121128E-01   0.730522E-02
   0.445494E-02   0.373748E-02   0.417077E-02   0.792578E-02   0.107719E-01
   0.626309E-02  -0.308784E-02  -0.974531E-02  -0.414699E-02   0.125266E-01
   0.235854E-01   0.171063E-01  -0.219201E-02  -0.124893E-01  -0.160898E-01
  -0.232604E-01  -0.169319E-01  -0.589781E-02  -0.780162E-02  -0.136027E-01
  -0.139055E-01   0.209737E-02   0.238180E-01   0.329197E-01   0.406406E-01
   0.381229E-01   0.210766E-01   0.124786E-01   0.630306E-02   0.156255E-03
   0.629143E-02   0.159153E-01   0.212792E-01   0.226517E-01   0.134017E-01
   0.942496E-03  -0.349552E-02  -0.844706E-02  -0.175009E-01  -0.159016E-01
   0.825434E-04   0.995588E-02   0.149950E-01   0.220104E-01   0.141993E-01
   0.767106E-03  -0.328224E-02  -0.440109E-02  -0.275988E-02  -0.219191E-02
  -0.276690E-02  -0.290537E-02  -0.168605E-01  -0.407494E-01  -0.510439E-01
  -0.490514E-01  -0.453780E-01  -0.390129E-01  -0.314573E-01  -0.167441E-01
  -0.431618E-02  -0.543555E-02   0.622588E-02   0.347577E-01   0.508429E-01
   0.542553E-01   0.554017E-01   0.546892E-01   0.569942E-01   0.605536E-01
   0.666453E-01   0.625831E-01   0.383199E-01   0.425945E-02  -0.589412E-01
  -0.117452E+00  -0.109119E+00  -0.768339E-01  -0.595135E-01  -0.190848E-01
   0.489461E-01   0.823032E-01   0.651791E-01   0.455523E-01   0.376872E-01
   0.259643E-01   0.228020E-01   0.381834E-01   0.368893E-01   0.738370E-02
  -0.146223E-01  -0.212712E-01  -0.159196E-01   0.936782E-02   0.497119E-01
   0.881972E-01   0.796586E-01   0.256672E-01  -0.625323E-01  -0.174179E+00
  -0.171124E+00  -0.761793E-01  -0.381841E-01   0.331947E-02   0.574519E-01
   0.411120E-01  -0.336164E-03  -0.645654E-02   0.103494E-01   0.356126E-01
   0.552668E-01   0.588879E-01   0.403677E-01   0.472155E-02  -0.183713E-01
  -0.320792E-01  -0.271136E-01  -0.402805E-02  -0.115306E-03  -0.554484E-03
   0.808789E-02   0.106566E-01   0.821571E-03  -0.263207E-01  -0.572580E-01
  -0.761398E-01  -0.859054E-01  -0.755704E-01  -0.456721E-01  -0.124100E-01
   0.438412E-01   0.105542E+00   0.976553E-01   0.204959E-01  -0.637467E-01
  -0.110834E+00  -0.105033E+00  -0.838142E-01  -0.722196E-01  -0.632132E-01
  -0.314134E-01   0.760984E-02  -0.585105E-02  -0.326977E-01  -0.307302E-01
  -0.352377E-01  -0.264222E-01   0.118564E-01   0.342329E-01   0.522591E-01
   0.785560E-01   0.857406E-01   0.867785E-01   0.943068E-01   0.967480E-01
   0.936403E-01   0.921231E-01   0.804925E-01   0.380270E-01  -0.247787E-01
  -0.866362E-01  -0.103588E+00  -0.658431E-01  -0.511323E-01  -0.516424E-01
  -0.292599E-01  -0.459226E-01  -0.850006E-01  -0.881061E-01  -0.739163E-01
  -0.555822E-01  -0.295950E-01   0.156392E-01   0.435457E-01   0.320387E-01
   0.295614E-01   0.283678E-01   0.213410E-01   0.331665E-01   0.487189E-01
   0.542925E-01   0.540387E-01   0.408563E-01   0.187503E-01   0.992999E-02
   0.274133E-01   0.483808E-01   0.528351E-01   0.514420E-01  -0.359250E-01
  -0.162491E+00  -0.163124E+00  -0.147725E+00  -0.169672E+00  -0.143682E+00
  -0.988729E-01  -0.316523E-01   0.644512E-01   0.142639E+00   0.168091E+00
   0.140838E+00   0.969416E-01   0.635524E-01  -0.352220E-02  -0.579709E-01
  -0.146309E-01   0.268201E-01   0.297337E-01   0.297397E-01   0.215859E-02
  -0.314275E-01  -0.568256E-01  -0.622067E-01  -0.423037E-01  -0.312480E-01
  -0.253328E-01  -0.142178E-01  -0.163479E-01  -0.222989E-01  -0.147813E-01
   0.172599E-02   0.247962E-01   0.499715E-01   0.689733E-01   0.722111E-01
   0.456011E-01  -0.253571E-01  -0.962324E-01  -0.881412E-01  -0.221442E-01
   0.438471E-01   0.946220E-01   0.121265E+00   0.123501E+00   0.104764E+00
   0.583586E-01  -0.352682E-01  -0.106911E+00  -0.100489E+00  -0.896155E-01
  -0.702339E-01  -0.178959E-01   0.672598E-02  -0.633638E-02  -0.185186E-01
  -0.325905E-01  -0.543823E-01  -0.606651E-01  -0.458850E-01  -0.306893E-01
  -0.940401E-02   0.301824E-01   0.439121E-01   0.311975E-01   0.436711E-01
   0.675637E-01   0.552004E-01   0.181592E-01  -0.153214E-01  -0.650446E-01
  -0.106710E+00  -0.914624E-01  -0.565251E-01  -0.423463E-01  -0.211859E-01
   0.189797E-01   0.625764E-01   0.972080E-01   0.103718E+00   0.905707E-01
   0.775098E-01   0.714123E-01   0.511671E-01  -0.414942E-02  -0.388702E-01
  -0.326585E-01  -0.337409E-01  -0.241713E-01   0.295010E-02   0.160486E-01
   0.339609E-01   0.659741E-01   0.883501E-01   0.720586E-01   0.293687E-01
   0.284085E-02  -0.358880E-01  -0.775126E-01  -0.687682E-01  -0.486098E-01
  -0.442354E-01  -0.375963E-01  -0.199348E-01   0.170203E-01   0.454341E-01
   0.432969E-01   0.348526E-01   0.266179E-01   0.174693E-01   0.126947E-01
   0.125772E-01   0.344676E-02  -0.338104E-01  -0.697475E-01  -0.816767E-01
  -0.729904E-01  -0.549182E-01  -0.160919E-01   0.572371E-01   0.759090E-01
   0.212310E-01  -0.124668E-01  -0.453093E-01  -0.115277E+00  -0.134761E+00
  -0.906000E-01  -0.663567E-01  -0.549667E-01  -0.636603E-02   0.360946E-01
   0.759345E-02  -0.423666E-01  -0.737901E-01  -0.101969E+00  -0.911784E-01
  -0.393444E-01   0.412687E-02   0.669201E-01   0.141833E+00   0.147168E+00
   0.113517E+00   0.101987E+00   0.703811E-01  -0.160920E-01  -0.101657E+00
  -0.136839E+00  -0.143471E+00  -0.149318E+00  -0.139492E+00  -0.119227E+00
  -0.108797E+00  -0.815751E-01  -0.417655E-01  -0.230007E-01  -0.140248E-01
  -0.655936E-02  -0.577905E-02   0.315322E-02   0.214361E-01   0.383850E-01
   0.621157E-01   0.909492E-01   0.102897E+00   0.901243E-01   0.775196E-01
   0.798776E-01   0.769965E-01   0.676206E-01   0.644858E-01   0.642739E-01
   0.615860E-01   0.436727E-01   0.162064E-02  -0.239782E-01   0.204432E-02
   0.325893E-01   0.544233E-01   0.105184E+00   0.143781E+00   0.139771E+00
   0.122361E+00   0.106455E+00   0.840718E-01   0.410625E-01   0.168811E-01
   0.272493E-01   0.206763E-01  -0.955643E-02  -0.315875E-01  -0.381996E-01
  -0.466958E-01  -0.511572E-01  -0.386213E-01  -0.361375E-01  -0.700206E-01
  -0.115080E+00  -0.135014E+00  -0.146661E+00  -0.139908E+00  -0.993561E-01
  -0.652187E-01   0.135811E-01   0.886761E-01   0.284303E-01  -0.283086E-01
  -0.145826E-01  -0.222512E-01  -0.101847E-01   0.187078E-01   0.236098E-01
   0.308207E-01   0.408372E-01   0.477964E-01   0.489694E-01   0.339747E-01
   0.197712E-01   0.259196E-01   0.509296E-01   0.681585E-01   0.475084E-01
   0.104154E-02  -0.671923E-01  -0.114623E+00  -0.765370E-01  -0.177514E-01
   0.172417E-01   0.343169E-01   0.208742E-01   0.124067E-01   0.170188E-01
   0.223006E-01   0.317536E-01   0.272187E-01   0.918961E-02  -0.349947E-03
  -0.455843E-02  -0.844696E-02  -0.207790E-02   0.109806E-01   0.225774E-01
   0.301166E-01   0.198633E-01  -0.482274E-02  -0.306169E-01  -0.590809E-01
  -0.678185E-01  -0.402509E-01  -0.457881E-02   0.229520E-01   0.449751E-01
   0.334793E-01  -0.181527E-01  -0.628325E-01  -0.799485E-01  -0.733141E-01
  -0.351942E-01   0.184674E-01   0.516513E-01   0.562279E-01   0.172596E-01
  -0.546265E-01  -0.830651E-01  -0.619613E-01  -0.356493E-01   0.307817E-01
   0.125691E+00   0.155127E+00   0.125876E+00   0.970500E-01   0.353913E-01
  -0.531535E-01  -0.343764E-01   0.421872E-01   0.577566E-01   0.884728E-01
   0.139410E+00   0.145878E+00   0.121979E+00   0.102883E+00   0.847393E-01
   0.507054E-01   0.102277E-01  -0.261597E-01  -0.481254E-01  -0.602388E-01
  -0.594871E-01  -0.336951E-01  -0.854341E-02   0.113735E-01   0.407199E-01
   0.691141E-01   0.758505E-01   0.424507E-01   0.621810E-02  -0.773008E-02
  -0.449666E-01  -0.844672E-01  -0.799953E-01  -0.818531E-01  -0.949649E-01
  -0.730343E-01  -0.511756E-01  -0.312951E-01   0.520873E-01   0.122218E+00
   0.839238E-01   0.448024E-01   0.378974E-01  -0.119520E-01  -0.522873E-01
  -0.516826E-01  -0.395993E-01  -0.761606E-02   0.179404E-01   0.331764E-01
   0.602265E-01   0.729396E-01   0.606003E-01   0.428476E-01   0.326936E-01
   0.237733E-01   0.309968E-02  -0.300178E-01  -0.557002E-01  -0.631822E-01
  -0.593120E-01  -0.407584E-01  -0.198613E-01  -0.109449E-01   0.160565E-02
   0.104340E-01  -0.731968E-02  -0.279519E-01  -0.298540E-01  -0.301363E-01
  -0.250326E-01  -0.661069E-02   0.809440E-02   0.198619E-01   0.301902E-01
   0.221783E-01   0.104002E-02  -0.114813E-01  -0.202757E-01  -0.312676E-01
  -0.210655E-01   0.724587E-02   0.393083E-01   0.843203E-01   0.111963E+00
   0.105316E+00   0.945845E-01   0.868749E-01   0.731978E-01   0.490070E-01
   0.125667E-01  -0.596172E-01  -0.129118E+00  -0.132483E+00  -0.125005E+00
  -0.120611E+00  -0.893970E-01  -0.545804E-01  -0.118032E-01   0.236545E-01
   0.310997E-01   0.359766E-01   0.383699E-01   0.290401E-01   0.346484E-01
   0.552903E-01   0.645331E-01   0.630774E-01   0.542887E-01   0.421547E-01
   0.403618E-01   0.474993E-01   0.560603E-01   0.476604E-01   0.175612E-01
  -0.364274E-02  -0.198284E-01  -0.422874E-01  -0.296486E-01   0.158376E-01
   0.623982E-01   0.970295E-01   0.871349E-01   0.629495E-01   0.623798E-01
   0.561656E-01   0.473009E-01   0.532769E-01   0.476698E-01   0.224225E-01
   0.556939E-02  -0.122503E-01  -0.422049E-01  -0.542978E-01  -0.411041E-01
  -0.243226E-01  -0.179198E-01  -0.123647E-01  -0.673445E-02  -0.168797E-01
  -0.291810E-01  -0.327216E-01  -0.440592E-01  -0.615214E-01  -0.750516E-01
  -0.893239E-01  -0.105582E+00  -0.108909E+00  -0.864410E-01  -0.625440E-01
  -0.549835E-01  -0.496552E-01  -0.525141E-01  -0.639268E-01  -0.653340E-01
  -0.548300E-01  -0.398750E-01  -0.258161E-01  -0.154215E-01  -0.280053E-01
  -0.543957E-01  -0.611490E-01  -0.571465E-01  -0.446408E-01  -0.142467E-01
   0.172991E-01   0.381020E-01   0.584195E-01   0.752941E-01   0.820083E-01
   0.915007E-01   0.103594E+00   0.109759E+00   0.114329E+00   0.113862E+00
   0.102025E+00   0.778169E-01   0.407050E-01   0.204839E-01   0.223595E-01
   0.178386E-01   0.168128E-01   0.210495E-01   0.930288E-02  -0.125803E-01
  -0.323323E-01  -0.548367E-01  -0.698503E-01  -0.765465E-01  -0.851311E-01
  -0.800880E-01  -0.712248E-01  -0.747967E-01  -0.743216E-01  -0.707454E-01
  -0.736634E-01  -0.703363E-01  -0.554693E-01  -0.358575E-01  -0.102270E-01
   0.201364E-01   0.410752E-01   0.480303E-01   0.415426E-01   0.200978E-01
  -0.274538E-02  -0.240097E-01  -0.364229E-01  -0.368481E-01  -0.387307E-01
  -0.377738E-01  -0.425073E-01  -0.568958E-01  -0.639160E-01  -0.670821E-01
  -0.759254E-01  -0.755277E-01  -0.613742E-01  -0.478508E-01  -0.192963E-01
   0.232055E-01   0.404425E-01   0.330978E-01   0.186491E-01  -0.336474E-03
  -0.133114E-01  -0.230149E-01  -0.278331E-01  -0.243004E-01  -0.294346E-01
  -0.415231E-01  -0.503951E-01  -0.479197E-01  -0.276731E-01  -0.117946E-01
  -0.592624E-02   0.510841E-02   0.957569E-02   0.513660E-02   0.812077E-02
   0.139873E-01   0.140241E-01   0.929341E-02   0.255209E-02  -0.122622E-02
  -0.482870E-02  -0.521065E-02   0.293428E-02   0.807895E-02   0.987551E-02
   0.208101E-01   0.299992E-01   0.280641E-01   0.280089E-01   0.261952E-01
   0.168616E-01   0.481229E-02  -0.890591E-02  -0.151263E-01  -0.143684E-01
  -0.184977E-01  -0.198000E-01  -0.903329E-02   0.294523E-03   0.405994E-02
   0.740198E-02  -0.631846E-03  -0.152158E-01  -0.242983E-01  -0.322372E-01
  -0.368341E-01  -0.359928E-01  -0.305960E-01  -0.235456E-01  -0.228788E-01
  -0.257657E-01  -0.182595E-01  -0.333087E-02   0.859545E-02   0.266515E-01
   0.428959E-01   0.441917E-01   0.409648E-01   0.356010E-01   0.299864E-01
   0.261727E-01   0.258693E-01   0.330002E-01   0.411249E-01   0.386608E-01
   0.219543E-01   0.833398E-02  -0.132093E-01  -0.408918E-01  -0.396571E-01
  -0.329996E-01  -0.389670E-01  -0.385271E-01  -0.291878E-01  -0.100779E-01
   0.130631E-01   0.234256E-01   0.224922E-01   0.172145E-01   0.995711E-02
   0.575169E-02   0.220324E-02   0.500159E-02   0.142038E-01   0.195655E-01
   0.279642E-01   0.382994E-01   0.410339E-01   0.376878E-01   0.282443E-01
   0.146379E-01   0.215753E-02  -0.562429E-02  -0.323228E-02   0.641593E-02
   0.946971E-02   0.900744E-02   0.110041E-01   0.644754E-02  -0.345854E-03
  -0.329584E-02  -0.844648E-02  -0.131988E-01  -0.153976E-01  -0.150383E-01
  -0.796545E-02   0.631727E-03   0.626739E-02   0.955751E-02   0.981114E-02
   0.848764E-02   0.803267E-02   0.870336E-02   0.820585E-02   0.603867E-02
  -0.126383E-03  -0.755705E-02  -0.703027E-02  -0.581044E-02  -0.106117E-01
  -0.133713E-01  -0.118397E-01  -0.983540E-02  -0.974487E-02  -0.121879E-01
  -0.160829E-01  -0.200908E-01  -0.250821E-01  -0.262168E-01  -0.202199E-01
  -0.165443E-01  -0.161981E-01  -0.121252E-01  -0.476279E-02   0.560257E-02
   0.151657E-01   0.168140E-01   0.199514E-01   0.320583E-01   0.424148E-01
   0.498467E-01   0.547209E-01   0.507226E-01   0.352719E-01   0.853302E-02
  -0.667341E-02   0.539916E-02   0.169523E-01   0.140885E-01   0.109245E-01
   0.478813E-02  -0.699015E-02  -0.166101E-01  -0.191880E-01  -0.147199E-01
  -0.121864E-01  -0.132482E-01  -0.126239E-01  -0.126495E-01  -0.108989E-01
  -0.491380E-02  -0.179052E-02  -0.125511E-02  -0.536839E-03  -0.362867E-02
  -0.798735E-02  -0.106503E-01  -0.145332E-01  -0.164446E-01  -0.114224E-01
  -0.485634E-02  -0.125234E-02   0.293945E-02   0.583070E-02   0.341015E-02
  -0.506284E-03  -0.181263E-02  -0.324770E-02  -0.609203E-02  -0.791591E-02
  -0.892560E-02  -0.106558E-01  -0.137990E-01  -0.170028E-01  -0.186153E-01
  -0.198810E-01  -0.214616E-01  -0.229980E-01  -0.239153E-01  -0.210121E-01
  -0.159617E-01  -0.110635E-01  -0.543450E-02  -0.479963E-02  -0.849821E-02
  -0.104618E-01  -0.120720E-01  -0.145837E-01  -0.197134E-01  -0.252067E-01
  -0.216164E-01  -0.133576E-01  -0.414204E-02   0.176985E-01   0.347715E-01
   0.322355E-01   0.314692E-01   0.323344E-01   0.239052E-01   0.144688E-01
   0.103808E-01   0.115399E-01   0.139250E-01   0.120382E-01   0.302633E-02
  -0.998619E-02  -0.157402E-01  -0.162994E-01  -0.189803E-01  -0.177218E-01
  -0.153819E-01  -0.183806E-01  -0.221277E-01  -0.238000E-01  -0.195997E-01
  -0.102865E-01   0.409841E-02   0.238691E-01   0.301379E-01   0.301782E-01
   0.383428E-01   0.391347E-01   0.355857E-01   0.405226E-01   0.499208E-01
   0.571666E-01   0.609398E-01   0.575991E-01   0.478742E-01   0.343043E-01
   0.166467E-01   0.963844E-02   0.159831E-01   0.219527E-01   0.249583E-01
   0.235814E-01   0.191746E-01   0.120419E-01  -0.116255E-02  -0.123201E-01
  -0.141153E-01  -0.138562E-01  -0.176068E-01  -0.202373E-01  -0.176825E-01
  -0.146406E-01  -0.128044E-01  -0.795176E-02  -0.219400E-02   0.254787E-02
   0.117227E-01   0.220193E-01   0.229469E-01   0.186009E-01   0.169063E-01
   0.157554E-01   0.138897E-01   0.151713E-01   0.195576E-01   0.223401E-01
   0.223422E-01   0.199370E-01   0.111865E-01  -0.310082E-02  -0.883021E-02
  -0.315855E-02   0.283904E-02   0.837429E-02   0.161113E-01   0.187741E-01
   0.151098E-01   0.167607E-01   0.228358E-01   0.251578E-01   0.247222E-01
   0.228784E-01   0.125271E-01  -0.152780E-02  -0.601590E-02  -0.821150E-02
  -0.965908E-02  -0.119127E-01  -0.256851E-01  -0.405105E-01  -0.420838E-01
  -0.289627E-01  -0.138989E-01  -0.414415E-02   0.673773E-02   0.139439E-01
   0.152824E-01   0.144297E-01   0.145525E-01   0.168256E-01   0.101145E-01
  -0.129594E-01  -0.355772E-01  -0.403799E-01  -0.298873E-01  -0.129711E-01
   0.256382E-03   0.521887E-02   0.624608E-02   0.858149E-02   0.817907E-02
   0.533047E-02   0.659749E-02   0.749697E-02   0.554384E-02   0.288426E-02
  -0.237606E-03   0.777468E-03   0.886430E-02   0.138296E-01   0.108334E-01
   0.995348E-02   0.107370E-01   0.801359E-02   0.830048E-02   0.149182E-01
   0.206196E-01   0.251981E-01   0.307519E-01   0.326286E-01   0.336052E-01
   0.363365E-01   0.376254E-01   0.381142E-01   0.387413E-01   0.362782E-01
   0.315231E-01   0.240360E-01   0.925412E-02  -0.432566E-03   0.201909E-02
   0.447289E-04  -0.429711E-02   0.798113E-03   0.899344E-02   0.168453E-01
   0.217952E-01   0.180233E-01   0.124228E-01   0.108014E-01   0.761060E-02
   0.594231E-02   0.123026E-01   0.188173E-01   0.208677E-01   0.201812E-01
   0.115283E-01  -0.141190E-02  -0.825972E-02  -0.971183E-02  -0.105307E-01
  -0.106462E-01  -0.178907E-01  -0.320228E-01  -0.351491E-01  -0.345280E-01
  -0.408647E-01  -0.413490E-01  -0.354511E-01  -0.311418E-01  -0.274000E-01
  -0.242311E-01  -0.230897E-01  -0.230575E-01  -0.249652E-01  -0.297827E-01
  -0.375489E-01  -0.449662E-01  -0.476692E-01  -0.492558E-01  -0.498778E-01
  -0.468568E-01  -0.444893E-01  -0.429773E-01  -0.406128E-01  -0.387223E-01
  -0.367357E-01  -0.322516E-01  -0.257149E-01  -0.228215E-01  -0.225185E-01
  -0.221809E-01  -0.256557E-01  -0.306145E-01  -0.352860E-01  -0.337701E-01
  -0.233373E-01  -0.188953E-01  -0.193195E-01  -0.186082E-01  -0.241884E-01
  -0.312697E-01  -0.343009E-01  -0.343559E-01  -0.292235E-01  -0.215446E-01
  -0.151665E-01  -0.110847E-01  -0.993418E-02  -0.123479E-01  -0.165501E-01
  -0.191562E-01  -0.229006E-01  -0.260142E-01  -0.236178E-01  -0.206325E-01
  -0.203546E-01  -0.189743E-01  -0.153646E-01  -0.118720E-01  -0.973332E-02
  -0.803992E-02  -0.538389E-02  -0.219761E-02  -0.118011E-03   0.647727E-03
   0.184541E-02   0.330996E-02   0.410733E-02   0.346185E-02   0.304801E-03
  -0.316034E-02  -0.501292E-02  -0.624159E-02  -0.464187E-02   0.125777E-02
   0.667601E-02   0.120280E-01   0.198151E-01   0.240796E-01   0.242513E-01
   0.265860E-01   0.300598E-01   0.308174E-01   0.286475E-01   0.265969E-01
   0.255954E-01   0.242170E-01   0.247242E-01   0.260152E-01   0.263389E-01
   0.280871E-01   0.300835E-01   0.299620E-01   0.260307E-01   0.163708E-01
   0.712831E-02   0.561117E-02   0.779048E-02   0.856316E-02   0.826243E-02
   0.893498E-02   0.100830E-01   0.932508E-02   0.801534E-02   0.814020E-02
   0.103797E-01   0.137064E-01   0.155101E-01   0.172965E-01   0.197621E-01
   0.179411E-01   0.137634E-01   0.934354E-02  -0.670132E-03  -0.885126E-02
  -0.114755E-01  -0.172753E-01  -0.223523E-01  -0.250682E-01  -0.250223E-01
  -0.178367E-01  -0.120586E-01  -0.624608E-02   0.158395E-02   0.206442E-02
   0.337077E-02   0.121703E-01   0.207741E-01   0.268044E-01   0.312298E-01
   0.338387E-01   0.369165E-01   0.400901E-01   0.402914E-01   0.392063E-01
   0.395937E-01   0.403313E-01   0.404232E-01   0.406819E-01   0.405064E-01
   0.376744E-01   0.329097E-01   0.279853E-01   0.265697E-01   0.329784E-01
   0.393939E-01   0.415903E-01   0.429500E-01   0.393027E-01   0.304684E-01
   0.190423E-01   0.105638E-01   0.785318E-02   0.184429E-02  -0.596184E-02
  -0.837114E-02  -0.765511E-02  -0.743549E-02  -0.888577E-02  -0.123147E-01
  -0.169545E-01  -0.197439E-01  -0.193117E-01  -0.158977E-01  -0.122340E-01
  -0.111884E-01  -0.983596E-02  -0.861069E-02  -0.105388E-01  -0.122504E-01
  -0.121764E-01  -0.118050E-01  -0.107689E-01  -0.101309E-01  -0.943355E-02
  -0.635664E-02   0.356465E-03   0.898215E-02   0.171364E-01   0.266377E-01
   0.286928E-01   0.202509E-01   0.172563E-01   0.148280E-01   0.554872E-02
   0.162620E-02   0.213117E-02   0.584971E-03  -0.166203E-03   0.128695E-02
   0.362279E-02   0.558795E-02   0.745210E-02   0.100554E-01   0.125942E-01
   0.143647E-01   0.160764E-01   0.174776E-01   0.169219E-01   0.157782E-01
   0.159006E-01   0.166441E-01   0.180177E-01   0.190725E-01   0.162846E-01
   0.994988E-02   0.651175E-03  -0.148839E-01  -0.263005E-01  -0.250223E-01
  -0.195690E-01  -0.129706E-01  -0.542880E-02  -0.893896E-03   0.101582E-03
  -0.743491E-03  -0.217566E-02  -0.358544E-02  -0.564909E-02  -0.820754E-02
  -0.105076E-01  -0.104828E-01  -0.608596E-02  -0.220750E-02  -0.272307E-02
  -0.711029E-02  -0.144089E-01  -0.195995E-01  -0.213465E-01  -0.214696E-01
  -0.186970E-01  -0.155919E-01  -0.146815E-01  -0.157495E-01  -0.189355E-01
  -0.226489E-01  -0.258092E-01  -0.296664E-01  -0.304009E-01  -0.252124E-01
  -0.213936E-01  -0.183586E-01  -0.133063E-01  -0.109030E-01  -0.112214E-01
  -0.139435E-01  -0.181048E-01  -0.235236E-01  -0.271289E-01  -0.249841E-01
  -0.243540E-01  -0.268308E-01  -0.287165E-01  -0.316346E-01  -0.340056E-01
  -0.358748E-01  -0.364818E-01  -0.341367E-01  -0.315544E-01  -0.270233E-01
  -0.215670E-01  -0.192532E-01  -0.180087E-01  -0.160289E-01  -0.141093E-01
  -0.112485E-01  -0.648575E-02  -0.316970E-02  -0.229274E-02  -0.233887E-02
  -0.496414E-02  -0.859871E-02  -0.132738E-01  -0.212396E-01  -0.266941E-01
  -0.273041E-01  -0.255960E-01  -0.224565E-01  -0.198225E-01  -0.181153E-01
  -0.201805E-01  -0.245920E-01  -0.263247E-01  -0.287926E-01  -0.334897E-01
  -0.369977E-01  -0.391167E-01  -0.373529E-01  -0.320847E-01  -0.253366E-01
  -0.142587E-01  -0.710263E-02  -0.668664E-02  -0.496414E-02  -0.348688E-02
  -0.225545E-02   0.437542E-04   0.180194E-02   0.327927E-02   0.230247E-02
  -0.859432E-03  -0.324130E-02  -0.537529E-02  -0.454804E-02  -0.753511E-03
   0.717350E-03   0.177157E-02   0.494165E-02   0.795241E-02   0.962306E-02
   0.100904E-01   0.881943E-02   0.694941E-02   0.604089E-02   0.620099E-02
   0.879896E-02   0.134637E-01   0.172979E-01   0.177988E-01   0.169660E-01
   0.177881E-01   0.184609E-01   0.189467E-01   0.204067E-01   0.214670E-01
   0.222055E-01   0.220711E-01   0.196870E-01   0.172085E-01   0.153255E-01
   0.139707E-01   0.147071E-01   0.151516E-01   0.127423E-01   0.993390E-02
   0.920085E-02   0.906923E-02   0.108788E-01   0.151175E-01   0.194310E-01
   0.242035E-01   0.265305E-01   0.260867E-01   0.253082E-01   0.246186E-01
   0.253597E-01   0.260880E-01   0.251509E-01   0.220586E-01   0.185520E-01
   0.166388E-01   0.160235E-01   0.191305E-01   0.246877E-01   0.292032E-01
   0.322282E-01   0.318296E-01   0.281418E-01   0.247930E-01   0.225768E-01
   0.185389E-01   0.136648E-01   0.106473E-01   0.944701E-02   0.909101E-02
   0.869404E-02   0.915099E-02   0.114506E-01   0.158747E-01   0.193679E-01
   0.209259E-01   0.222624E-01   0.201051E-01   0.140582E-01   0.835366E-02
   0.652552E-02   0.671009E-02   0.369226E-02  -0.141359E-02  -0.671978E-02
  -0.940938E-02  -0.752673E-02  -0.657320E-02  -0.515478E-02  -0.785363E-03
   0.528426E-03  -0.594658E-03  -0.755940E-03  -0.690983E-03   0.182039E-02
   0.602742E-02   0.898672E-02   0.116103E-01   0.102916E-01   0.689623E-03
  -0.124942E-01  -0.202706E-01  -0.216983E-01  -0.196105E-01  -0.146877E-01
  -0.860144E-02  -0.254982E-02  -0.306469E-02  -0.877135E-02  -0.129165E-01
  -0.177022E-01  -0.212125E-01  -0.214437E-01  -0.203669E-01  -0.195884E-01
  -0.198066E-01  -0.190293E-01  -0.145059E-01  -0.723295E-02   0.621989E-03
   0.741944E-02   0.868545E-02   0.450259E-02   0.114856E-02   0.923678E-03
  -0.208500E-03  -0.127283E-02  -0.470101E-03  -0.842963E-03  -0.159848E-02
  -0.191697E-02  -0.269831E-02  -0.359408E-02  -0.468414E-02  -0.398926E-02
  -0.674346E-03   0.132993E-02   0.423616E-02   0.968296E-02   0.114105E-01
   0.105319E-01   0.102648E-01   0.963914E-02   0.931621E-02   0.887442E-02
   0.760209E-02   0.469365E-02   0.692744E-03  -0.163275E-02  -0.293275E-02
  -0.460219E-02  -0.250528E-02   0.306464E-02   0.750454E-02   0.159825E-01
   0.251805E-01   0.277555E-01   0.276956E-01   0.225155E-01   0.121186E-01
  -0.755867E-03  -0.129829E-01  -0.164875E-01  -0.112340E-01  -0.335783E-02
   0.340474E-02   0.734663E-02   0.541486E-02   0.811626E-03  -0.723023E-03
  -0.196804E-02  -0.241529E-02   0.307637E-02   0.830762E-02   0.935409E-02
   0.111677E-01   0.958369E-02   0.192974E-02  -0.448046E-02  -0.667576E-02
  -0.516789E-02  -0.228378E-03   0.650155E-02   0.125235E-01   0.114210E-01
   0.457999E-02  -0.887393E-03  -0.386191E-02  -0.528487E-02  -0.678542E-02
  -0.652488E-02  -0.403205E-02  -0.285985E-02  -0.404471E-02  -0.597950E-02
  -0.662336E-02  -0.727842E-02  -0.825224E-02  -0.788737E-02  -0.805507E-02
  -0.944595E-02  -0.100734E-01  -0.822924E-02  -0.317675E-02   0.241093E-02
   0.604193E-02   0.855005E-02   0.826061E-02   0.346961E-02  -0.315531E-02
  -0.898617E-02  -0.100685E-01  -0.786830E-02  -0.930841E-02  -0.129274E-01
  -0.150755E-01  -0.166918E-01  -0.186619E-01  -0.206028E-01  -0.211097E-01
  -0.182784E-01  -0.130552E-01  -0.986617E-02  -0.912773E-02  -0.714751E-02
  -0.615043E-02  -0.956122E-02  -0.130396E-01  -0.140405E-01  -0.142807E-01
  -0.109107E-01  -0.598769E-02  -0.468070E-02  -0.326207E-02  -0.297744E-02
  -0.778968E-02  -0.133678E-01  -0.125681E-01  -0.471501E-02   0.151989E-02
   0.591882E-02   0.118756E-01   0.142558E-01   0.105127E-01   0.418241E-02
   0.653619E-03   0.561267E-03   0.237923E-02   0.463364E-02   0.564587E-02
   0.513467E-02   0.293187E-02   0.122749E-02   0.197623E-02   0.435365E-02
   0.555624E-02   0.550362E-02   0.648337E-02   0.763989E-02   0.829171E-02
   0.911125E-02   0.844535E-02   0.550849E-02   0.143213E-02  -0.352652E-02
  -0.603057E-02  -0.361383E-02  -0.965887E-03   0.513318E-03   0.539550E-02
   0.911596E-02   0.581048E-02   0.213094E-02   0.118874E-02  -0.239603E-02
  -0.677259E-02  -0.550222E-02  -0.249338E-02  -0.312058E-02  -0.381686E-02
  -0.308349E-02  -0.233599E-02  -0.184427E-02  -0.191831E-02  -0.196804E-02
  -0.808821E-03   0.193795E-02   0.453552E-02   0.379535E-02  -0.521123E-03
  -0.517452E-02  -0.890719E-02  -0.989674E-02  -0.574550E-02  -0.117008E-02
   0.214825E-02   0.101770E-01   0.164183E-01   0.163630E-01   0.174239E-01
   0.145783E-01   0.656889E-02  -0.288648E-02  -0.167573E-01  -0.275956E-01
  -0.267300E-01  -0.141670E-01   0.338024E-02   0.151311E-01   0.174635E-01
   0.140652E-01   0.587849E-02  -0.416508E-02  -0.113708E-01  -0.147655E-01
  -0.111818E-01  -0.503208E-02  -0.327013E-02  -0.160270E-02   0.132417E-02
   0.250523E-02   0.242049E-02   0.359185E-03  -0.537914E-02  -0.108591E-01
  -0.986464E-02  -0.494519E-02  -0.618598E-03   0.668438E-02   0.145882E-01
   0.167012E-01   0.148569E-01   0.116094E-01   0.804685E-02   0.217204E-02
  -0.386286E-02  -0.577339E-02  -0.646234E-02  -0.591969E-02  -0.100107E-02
   0.664168E-02   0.105231E-01   0.101308E-01   0.869993E-02   0.280628E-02
  -0.499598E-02  -0.936065E-02  -0.880893E-02  -0.257202E-02   0.621992E-02
   0.138597E-01   0.162892E-01   0.145424E-01   0.126037E-01   0.854188E-02
  -0.673217E-05  -0.463091E-02  -0.728803E-04   0.411144E-02   0.871868E-02
   0.158132E-01   0.164612E-01   0.138475E-01   0.136623E-01   0.137263E-01
   0.129170E-01   0.107300E-01   0.613183E-02   0.122876E-02  -0.100815E-02
  -0.314802E-02  -0.913185E-02  -0.187529E-01  -0.261833E-01  -0.287500E-01
  -0.298951E-01  -0.279913E-01  -0.235406E-01  -0.210002E-01  -0.180556E-01
  -0.139434E-01  -0.953167E-02  -0.362410E-02   0.408673E-03   0.771051E-03
  -0.141112E-02  -0.660817E-02  -0.993942E-02  -0.974927E-02  -0.102937E-01
  -0.714093E-02  -0.970450E-03   0.114397E-02   0.798799E-03  -0.659843E-03
  -0.282105E-02  -0.470451E-02  -0.513381E-02  -0.158157E-02   0.166782E-02
   0.262272E-02   0.291625E-02  -0.123319E-03  -0.553855E-02  -0.106201E-01
  -0.119542E-01  -0.876180E-02  -0.629512E-02  -0.429269E-02  -0.335308E-03
   0.218825E-02   0.214827E-02   0.241085E-02   0.323228E-02   0.326468E-02
   0.341351E-02   0.435718E-02   0.529726E-02   0.509206E-02   0.311253E-02
   0.125114E-02   0.111560E-03  -0.317305E-03   0.130983E-02   0.332811E-02
   0.547256E-02   0.103034E-01   0.181915E-01   0.251776E-01   0.254165E-01
   0.210287E-01   0.170219E-01   0.978867E-02  -0.249770E-02  -0.119337E-01
  -0.163306E-01  -0.220962E-01  -0.285373E-01  -0.282449E-01  -0.210878E-01
  -0.115093E-01   0.151301E-02   0.114816E-01   0.112078E-01   0.100424E-01
   0.143910E-01   0.183756E-01   0.205372E-01   0.204286E-01   0.151074E-01
   0.862833E-02   0.547719E-02   0.544434E-02   0.685849E-02   0.783687E-02
   0.721568E-02   0.626366E-02   0.735440E-02   0.114822E-01   0.164823E-01
   0.199140E-01   0.203269E-01   0.176598E-01   0.156931E-01   0.133740E-01
   0.753471E-02   0.255412E-02   0.208395E-03  -0.307394E-02  -0.397215E-02
   0.389095E-03   0.371367E-02   0.599523E-02   0.979745E-02   0.123388E-01
   0.126094E-01   0.925816E-02   0.585315E-02   0.653624E-02   0.719245E-02
   0.587136E-02   0.553035E-02   0.348839E-02  -0.316969E-02  -0.847735E-02
  -0.987430E-02  -0.834983E-02  -0.496515E-02  -0.314989E-02  -0.153428E-02
   0.756244E-03   0.310248E-02   0.616983E-02   0.868256E-02   0.929375E-02
   0.665286E-02   0.164909E-02  -0.315602E-02  -0.582470E-02  -0.536660E-02
  -0.488207E-02  -0.783677E-02  -0.111387E-01  -0.847882E-02  -0.287071E-02
  -0.351298E-03   0.342784E-02   0.619692E-02   0.255249E-02   0.123410E-03
   0.197936E-03  -0.230005E-02  -0.432339E-02  -0.419309E-02  -0.442138E-02
  -0.474871E-02  -0.564166E-02  -0.890793E-02  -0.127172E-01  -0.143277E-01
  -0.125363E-01  -0.100117E-01  -0.932735E-02  -0.797661E-02  -0.647299E-02
  -0.602245E-02  -0.490850E-02  -0.408242E-02  -0.412370E-02  -0.412573E-02
  -0.539274E-02  -0.757690E-02  -0.938245E-02  -0.120284E-01  -0.137830E-01
  -0.119622E-01  -0.846413E-02  -0.565252E-02  -0.466969E-02  -0.736355E-02
  -0.107541E-01  -0.114077E-01  -0.132426E-01  -0.145317E-01  -0.972462E-02
  -0.557029E-02  -0.570508E-02  -0.579962E-02  -0.748055E-02  -0.892880E-02
  -0.584743E-02  -0.118819E-02   0.234868E-02   0.666704E-02   0.118136E-01
   0.148233E-01   0.144713E-01   0.141235E-01   0.156395E-01   0.165043E-01
   0.168425E-01   0.175907E-01   0.181869E-01   0.173662E-01   0.146911E-01
   0.115966E-01   0.566110E-02  -0.270317E-02  -0.745053E-02  -0.961491E-02
  -0.113919E-01  -0.127181E-01  -0.130057E-01  -0.851052E-02  -0.306226E-02
  -0.118327E-02  -0.213083E-02  -0.536024E-02  -0.756105E-02  -0.757214E-02
  -0.372755E-02   0.161279E-02   0.317628E-02   0.470649E-02   0.453101E-02
   0.281791E-03  -0.235950E-02  -0.381138E-02  -0.584276E-02  -0.633788E-02
  -0.430786E-02  -0.158852E-02   0.483223E-03   0.185728E-02  -0.344860E-03
  -0.425034E-02  -0.616967E-02  -0.906016E-02  -0.127106E-01  -0.141423E-01
  -0.146207E-01  -0.149466E-01  -0.123703E-01  -0.707822E-02  -0.287059E-02
   0.986436E-03   0.450724E-02   0.481543E-02   0.531290E-02   0.716074E-02
   0.620163E-02   0.357854E-02   0.146325E-02  -0.713890E-04  -0.709513E-03
  -0.836526E-03  -0.120531E-02  -0.253906E-02  -0.507790E-02  -0.867906E-02
  -0.115548E-01  -0.125342E-01  -0.112492E-01  -0.893304E-02  -0.593186E-02
   0.121146E-02   0.752673E-02   0.921648E-02   0.824242E-02   0.414401E-02
   0.115949E-02  -0.156938E-02  -0.262706E-02   0.344291E-02   0.802086E-02
   0.855974E-02   0.123138E-01   0.138428E-01   0.908198E-02   0.467626E-02
  -0.861033E-03  -0.846776E-02  -0.118287E-01  -0.104509E-01  -0.629330E-02
  -0.912434E-04   0.819031E-02   0.135646E-01   0.130865E-01   0.143933E-01
   0.176836E-01   0.191656E-01   0.184550E-01   0.137184E-01   0.937286E-02
   0.549568E-02  -0.130271E-02  -0.361221E-02  -0.274474E-02  -0.595493E-02
  -0.882462E-02  -0.101658E-01  -0.877136E-02  -0.883138E-03   0.870735E-02
   0.152435E-01   0.177103E-01   0.146847E-01   0.875393E-02   0.569846E-02
   0.738590E-02   0.121018E-01   0.139175E-01   0.135876E-01   0.147969E-01
   0.121632E-01   0.746701E-02   0.532850E-02   0.379958E-02   0.421336E-02
   0.548031E-02   0.522715E-02   0.488728E-02   0.181372E-02  -0.293752E-02
  -0.562384E-02  -0.480743E-02   0.118617E-02   0.616049E-02   0.879473E-02
   0.137853E-01   0.137887E-01   0.792621E-02   0.558286E-02   0.332180E-02
  -0.819808E-03  -0.506361E-03   0.651231E-03  -0.113177E-02  -0.325730E-02
  -0.564304E-02  -0.732482E-02  -0.794911E-02  -0.766961E-02  -0.569657E-02
  -0.437292E-02  -0.330112E-02  -0.182093E-02  -0.371886E-02  -0.745971E-02
  -0.907952E-02  -0.112512E-01  -0.123270E-01  -0.884694E-02  -0.623253E-02
  -0.522158E-02  -0.249404E-02  -0.217405E-02  -0.479859E-02  -0.593091E-02
  -0.590537E-02  -0.204049E-02   0.527326E-02   0.966829E-02   0.120086E-01
   0.958645E-02   0.258546E-02  -0.295797E-02  -0.714012E-02  -0.665451E-02
  -0.297360E-02  -0.260124E-02  -0.383628E-02  -0.319281E-02  -0.198546E-02
  -0.172821E-02  -0.148040E-02  -0.111089E-02  -0.906188E-03  -0.594857E-03
   0.650055E-03   0.269840E-02   0.450110E-02   0.462139E-02   0.150114E-02
  -0.188722E-02  -0.344610E-02  -0.638749E-02  -0.924000E-02  -0.739636E-02
  -0.458425E-02  -0.304227E-02   0.436231E-03   0.223731E-02   0.158649E-02
   0.499305E-04  -0.309013E-02  -0.504482E-02  -0.643595E-02  -0.506746E-02
   0.495780E-03   0.345173E-02   0.445190E-02   0.657755E-02   0.622491E-02
   0.391246E-02   0.309851E-02   0.226596E-02   0.334939E-04  -0.256045E-02
  -0.509451E-02  -0.935330E-02  -0.157329E-01  -0.190119E-01  -0.179914E-01
  -0.158407E-01  -0.118629E-01  -0.751762E-02  -0.692963E-02  -0.719335E-02
  -0.507058E-02  -0.251910E-02  -0.602998E-03  -0.391321E-03  -0.132209E-02
  -0.198254E-02  -0.252675E-02  -0.323200E-02  -0.310063E-02  -0.120801E-02
   0.331097E-03   0.176587E-02   0.469470E-02   0.783968E-02   0.944756E-02
   0.787815E-02   0.534799E-02   0.312177E-02   0.479070E-03  -0.107795E-03
  -0.154427E-03  -0.157119E-02  -0.278214E-02  -0.351327E-02  -0.235268E-02
   0.540392E-03   0.223451E-02   0.397940E-02   0.601069E-02   0.377225E-02
  -0.636411E-03  -0.282835E-02  -0.390741E-02  -0.333849E-02  -0.252372E-02
  -0.330235E-02  -0.334613E-02  -0.279502E-02  -0.282054E-02  -0.708974E-03
   0.483325E-02   0.823854E-02   0.827555E-02   0.104643E-01   0.114120E-01
   0.750640E-02   0.504621E-02   0.348150E-02  -0.507954E-03  -0.337240E-02
  -0.327034E-02  -0.154899E-02  -0.736640E-03  -0.696187E-03  -0.253590E-03
  -0.328952E-03   0.363596E-03   0.299098E-02   0.543473E-02   0.621665E-02
   0.701413E-02   0.745180E-02   0.521360E-02   0.239556E-02  -0.146121E-02
  -0.895386E-02  -0.134347E-01  -0.125590E-01  -0.120960E-01  -0.113024E-01
  -0.900721E-02  -0.437426E-02   0.289461E-03   0.143605E-02   0.258553E-02
   0.272271E-02   0.120186E-02   0.138814E-02   0.239231E-02   0.322852E-02
   0.403503E-02   0.511029E-02   0.518270E-02   0.309299E-02   0.166819E-02
   0.141421E-02   0.121629E-02   0.237758E-02   0.368552E-02   0.456246E-02
   0.645800E-02   0.773375E-02   0.839976E-02   0.934242E-02   0.772085E-02
   0.446608E-02   0.238944E-02   0.446796E-03  -0.167787E-02  -0.298520E-02
  -0.176968E-02   0.583294E-03   0.234107E-02   0.541740E-02   0.779722E-02
   0.730614E-02   0.557327E-02   0.403969E-02   0.123532E-02  -0.323029E-02
  -0.530491E-02  -0.581628E-02  -0.736454E-02  -0.628133E-02  -0.254765E-02
   0.842682E-03   0.540287E-02   0.740922E-02   0.569256E-02   0.658724E-02
   0.775893E-02   0.686571E-02   0.651085E-02   0.515639E-02   0.294297E-02
   0.138155E-02  -0.944731E-03  -0.377058E-02  -0.574843E-02  -0.739877E-02
  -0.921071E-02  -0.819132E-02  -0.426384E-02  -0.219697E-02  -0.532637E-03
   0.247271E-02   0.364417E-02   0.222322E-02  -0.346354E-04  -0.162476E-02
  -0.326822E-02  -0.384051E-02  -0.854416E-03   0.358267E-02   0.674600E-02
   0.709533E-02   0.492631E-02   0.268893E-02   0.172052E-02   0.223846E-02
   0.222351E-02   0.947801E-03  -0.467072E-03  -0.260871E-02  -0.485708E-02
  -0.437173E-02  -0.161893E-02  -0.307405E-03   0.132530E-03   0.103147E-03
  -0.228090E-02  -0.522510E-02  -0.713822E-02  -0.901121E-02  -0.112583E-01
  -0.113794E-01  -0.865663E-02  -0.719035E-02  -0.672598E-02  -0.464167E-02
  -0.301864E-02  -0.264242E-02  -0.200470E-02  -0.143187E-02  -0.120548E-02
  -0.114056E-02  -0.630195E-03   0.121993E-02   0.279689E-02   0.333166E-02
   0.381599E-02   0.297160E-02   0.123035E-02   0.390550E-03  -0.718026E-03
  -0.187463E-02  -0.216725E-02  -0.275753E-02  -0.370457E-02  -0.420798E-02
  -0.369352E-02  -0.261478E-02  -0.230415E-02  -0.231181E-02  -0.191580E-02
  -0.195883E-02  -0.242047E-02  -0.277576E-02  -0.451066E-02  -0.693419E-02
  -0.775177E-02  -0.887837E-02  -0.112252E-01  -0.118516E-01  -0.107045E-01
  -0.106476E-01  -0.113804E-01  -0.113864E-01  -0.113522E-01  -0.116126E-01
  -0.102335E-01  -0.702130E-02  -0.483106E-02  -0.323484E-02  -0.112518E-02
  -0.635351E-04   0.757048E-03   0.149051E-02   0.268402E-03  -0.972007E-03
  -0.102727E-02  -0.187216E-02  -0.277573E-02  -0.229434E-02  -0.162060E-02
  -0.134362E-02  -0.184365E-02  -0.391687E-02  -0.566301E-02  -0.628423E-02
  -0.650082E-02  -0.561112E-02  -0.474900E-02  -0.492993E-02  -0.481974E-02
  -0.469653E-02  -0.526052E-02  -0.515851E-02  -0.443703E-02  -0.421760E-02
  -0.402467E-02  -0.496418E-02  -0.775518E-02  -0.101897E-01  -0.960032E-02
  -0.592200E-02  -0.277269E-02   0.831341E-03   0.489021E-02   0.502652E-02
   0.290700E-02   0.189930E-02   0.240133E-02   0.325349E-02   0.377525E-02
   0.459669E-02   0.604293E-02   0.574098E-02   0.265519E-02   0.925059E-03
   0.844523E-03   0.108215E-02   0.297034E-02   0.450479E-02   0.573569E-02
   0.778930E-02   0.837270E-02   0.791373E-02   0.780461E-02   0.748049E-02
   0.676761E-02   0.703005E-02   0.885120E-02   0.100069E-01   0.102192E-01
   0.109485E-01   0.108621E-01   0.952964E-02   0.877546E-02   0.932765E-02
   0.107144E-01   0.115891E-01   0.121942E-01   0.119655E-01   0.944014E-02
   0.728235E-02   0.609640E-02   0.379864E-02   0.300684E-02   0.495945E-02
   0.573102E-02   0.575007E-02   0.730122E-02   0.885401E-02   0.965116E-02
   0.883976E-02   0.688113E-02   0.465313E-02   0.777476E-03  -0.217276E-02
  -0.362058E-02  -0.573661E-02  -0.615894E-02  -0.587004E-02  -0.765357E-02
  -0.940216E-02  -0.104108E-01  -0.100702E-01  -0.638615E-02  -0.314261E-02
  -0.224443E-02  -0.148992E-03   0.737132E-03  -0.157961E-02  -0.262135E-02
  -0.205626E-02  -0.236908E-02  -0.256472E-02  -0.243827E-02  -0.243924E-02
  -0.237986E-02  -0.224416E-02  -0.223704E-02  -0.232510E-02  -0.230699E-02
  -0.260985E-02  -0.405854E-02  -0.563830E-02  -0.658566E-02  -0.712582E-02
  -0.544014E-02  -0.269677E-02  -0.197672E-02  -0.154804E-02   0.867829E-04
   0.201708E-03  -0.214040E-02  -0.435769E-02  -0.649012E-02  -0.811410E-02
  -0.844236E-02  -0.907135E-02  -0.781994E-02  -0.521300E-02  -0.478160E-02
  -0.424076E-02  -0.291257E-02  -0.257991E-02  -0.152646E-02   0.493953E-03
   0.177859E-02   0.284994E-02   0.416962E-02   0.466919E-02   0.447736E-02
   0.475750E-02   0.501410E-02   0.471208E-02   0.447393E-02   0.416700E-02
   0.388213E-02   0.439686E-02   0.514046E-02   0.552661E-02   0.657490E-02
   0.737910E-02   0.601989E-02   0.442735E-02   0.408435E-02   0.333177E-02
   0.267747E-02   0.306022E-02   0.347791E-02   0.387696E-02   0.434891E-02
   0.464034E-02   0.589789E-02   0.841911E-02   0.103329E-01   0.119742E-01
   0.133085E-01   0.118208E-01   0.965683E-02   0.921863E-02   0.815381E-02
   0.695219E-02   0.717600E-02   0.716285E-02   0.626561E-02   0.515299E-02
   0.422155E-02   0.341023E-02   0.208721E-02   0.342461E-03  -0.551899E-03
   0.253536E-03   0.117390E-02   0.839600E-03   0.505544E-03   0.537551E-03
   0.215804E-03  -0.865897E-04  -0.102700E-03  -0.167734E-03  -0.223387E-03
   0.423803E-03   0.128917E-02   0.127730E-02   0.124667E-02   0.136047E-02
   0.774751E-03   0.248628E-03  -0.607660E-04  -0.641034E-03  -0.113018E-02
  -0.153747E-02  -0.177173E-02  -0.138344E-02  -0.100546E-02  -0.884118E-03
   0.226333E-03   0.187537E-02   0.207135E-02   0.675394E-03  -0.532508E-03
  -0.132176E-02  -0.310254E-02  -0.468243E-02  -0.504695E-02  -0.506704E-02
  -0.413210E-02  -0.284962E-02  -0.246102E-02  -0.233244E-02  -0.263820E-02
  -0.314332E-02  -0.310086E-02  -0.297116E-02  -0.289846E-02  -0.355441E-02
  -0.513444E-02  -0.597070E-02  -0.578082E-02  -0.466399E-02  -0.292653E-02
  -0.153859E-02  -0.183187E-03   0.582762E-03   0.971692E-03   0.202491E-02
   0.282956E-02   0.291862E-02   0.281410E-02   0.246182E-02   0.206796E-02
   0.237373E-02   0.294002E-02   0.301048E-02   0.305256E-02   0.339205E-02
   0.318038E-02   0.215481E-02   0.134758E-02   0.863304E-03   0.640888E-03
   0.900084E-03   0.825615E-03   0.779992E-04  -0.613950E-03  -0.765263E-03
  -0.764629E-03  -0.935722E-03  -0.126162E-02  -0.182500E-02  -0.229219E-02
  -0.251589E-02  -0.275015E-02  -0.291116E-02  -0.299673E-02  -0.311991E-02
  -0.306189E-02  -0.275880E-02  -0.254131E-02  -0.278707E-02  -0.337367E-02
  -0.348208E-02  -0.317461E-02  -0.286295E-02  -0.229157E-02  -0.161261E-02
  -0.102751E-02  -0.861988E-03  -0.961429E-03  -0.759881E-03  -0.608655E-03
  -0.537994E-03  -0.881786E-04   0.624269E-03   0.145886E-02   0.219526E-02
   0.233546E-02   0.210066E-02   0.204716E-02   0.206008E-02   0.193550E-02
   0.183678E-02   0.180484E-02   0.167904E-02   0.141767E-02   0.110645E-02
   0.772693E-03   0.435867E-03   0.297419E-03   0.386765E-03   0.439598E-03
   0.349609E-03   0.150726E-03  -0.606927E-04  -0.278686E-03  -0.446878E-03
  -0.415541E-03  -0.374491E-03  -0.227855E-03   0.258796E-04  -0.349483E-04
  -0.264715E-03  -0.601079E-03  -0.109227E-02  -0.132853E-02  -0.123164E-02
  -0.989305E-03  -0.593750E-03  -0.320163E-03  -0.379381E-03  -0.528384E-03
  -0.799001E-03  -0.107572E-02  -0.111551E-02  -0.106672E-02  -0.941038E-03
  -0.778958E-03  -0.655409E-03  -0.505423E-03  -0.344117E-03  -0.247640E-03
  -0.218166E-03  -0.243486E-03  -0.494283E-03  -0.804425E-03  -0.768295E-03
  -0.570305E-03  -0.431774E-03  -0.241875E-03  -0.123869E-03  -0.148349E-03
  -0.159468E-03  -0.161285E-03  -0.173090E-03  -0.135495E-03  -0.881791E-04
  -0.906544E-04  -0.104857E-03  -0.127150E-03  -0.172585E-03  -0.202129E-03
  -0.208572E-03  -0.206350E-03  -0.212370E-03  -0.226151E-03  -0.234468E-03
  -0.244273E-03  -0.258637E-03  -0.271386E-03  -0.282035E-03  -0.295155E-03
  -0.310044E-03  -0.323330E-03  -0.342686E-03  -0.375149E-03  -0.410822E-03
  -0.430123E-03  -0.427859E-03  -0.411092E-03  -0.383440E-03  -0.350359E-03
  -0.315528E-03  -0.281703E-03  -0.254412E-03  -0.232417E-03  -0.210488E-03
  -0.187108E-03  -0.161973E-03  -0.136436E-03  -0.112042E-03  -0.885833E-04