  -0.335575E-03   0.295665E-03   0.958525E-03  -0.275813E-03  -0.169579E-02
   0.155889E-02   0.330601E-02   0.206862E-02   0.677203E-03   0.193983E-02
   0.392971E-02   0.184572E-02   0.218423E-02   0.350296E-02   0.266948E-02
   0.804794E-03   0.525184E-03   0.258342E-02   0.419387E-02   0.189466E-02
  -0.212427E-02  -0.171130E-02   0.207992E-02   0.215935E-02   0.232141E-02
   0.157056E-02  -0.157438E-03  -0.477841E-03   0.371697E-03   0.223410E-02
   0.301075E-03  -0.152791E-02  -0.877840E-04   0.167772E-02   0.282306E-02
   0.307590E-02  -0.100116E-02  -0.175097E-02  -0.863686E-03  -0.855407E-04
   0.193497E-02  -0.892588E-03  -0.342842E-02   0.177167E-03   0.349512E-02
   0.232710E-02  -0.160205E-02  -0.305362E-02   0.230536E-02   0.449111E-02
   0.113826E-02   0.916813E-03   0.237633E-02  -0.463460E-03  -0.228733E-02
  -0.184781E-02   0.593967E-03   0.408022E-02   0.193710E-02  -0.104752E-02
   0.102298E-02   0.116976E-02   0.510736E-03  -0.276803E-03   0.326250E-02
   0.368774E-02  -0.218858E-02  -0.159912E-02  -0.131871E-02   0.234707E-02
   0.266930E-02  -0.142916E-02   0.395528E-03   0.327489E-02   0.328908E-02
  -0.171411E-02  -0.293718E-02  -0.212127E-02  -0.176437E-02  -0.234687E-02
   0.324264E-02   0.295083E-02   0.113004E-02  -0.736488E-04  -0.352746E-02
   0.102370E-02   0.437112E-03  -0.115417E-02  -0.251392E-02   0.206070E-02
   0.304797E-02   0.658219E-02   0.466961E-02  -0.118017E-02  -0.105989E-02
   0.424125E-03  -0.571475E-03  -0.746994E-03  -0.901934E-04   0.737968E-03
   0.442723E-02   0.427313E-02   0.217696E-02  -0.221932E-02  -0.190218E-02
  -0.862871E-03  -0.693625E-03  -0.164842E-02  -0.174029E-02  -0.440766E-02
  -0.259418E-02   0.182541E-02   0.842984E-02   0.423859E-02  -0.514242E-02
   0.305831E-02   0.693118E-02   0.434541E-02   0.229644E-03  -0.663196E-02
  -0.899231E-02   0.221538E-02   0.833328E-02   0.568937E-02  -0.458232E-03
  -0.176178E-01  -0.153881E-01   0.637966E-02   0.110308E-01   0.359595E-02
  -0.740481E-02  -0.570963E-02  -0.662730E-03   0.449331E-02   0.896391E-02
  -0.364049E-03  -0.117055E-01  -0.111649E-01   0.751426E-02   0.869638E-02
   0.260925E-03  -0.359269E-02  -0.283591E-02   0.461699E-03   0.796272E-02
   0.326353E-02  -0.199548E-01  -0.260095E-01  -0.792297E-02   0.125657E-01
   0.938531E-02  -0.486516E-02  -0.161525E-01  -0.122256E-01   0.714111E-02
   0.188292E-01   0.979913E-02  -0.438300E-02  -0.199778E-01  -0.125788E-01
   0.170736E-01   0.154375E-01  -0.837449E-02  -0.174750E-01   0.618763E-03
   0.128822E-01   0.841454E-02  -0.482967E-03  -0.338593E-02  -0.389801E-02
  -0.128133E-03   0.158849E-02  -0.183876E-02  -0.250179E-02  -0.136658E-02
   0.709225E-02   0.193509E-02  -0.455317E-02  -0.280391E-02   0.610881E-02
   0.758268E-02  -0.172282E-02  -0.262351E-02  -0.128021E-02   0.709293E-02
   0.752028E-02  -0.303573E-02   0.450407E-02   0.952244E-02   0.179795E-02
  -0.125627E-01  -0.723014E-02   0.324931E-02   0.173458E-02   0.627457E-02
  -0.864441E-03  -0.230777E-02  -0.269030E-02  -0.842089E-03   0.730666E-02
   0.598369E-02  -0.277405E-02  -0.592078E-02  -0.258949E-02   0.879508E-03
  -0.319848E-02   0.257776E-02   0.118026E-01   0.652817E-02   0.599366E-02
   0.311928E-02  -0.738266E-02  -0.880661E-02  -0.178801E-02  -0.356793E-02
  -0.151990E-01  -0.797845E-02  -0.178095E-02  -0.651173E-02  -0.732877E-02
   0.107703E-02   0.283345E-02  -0.281125E-02  -0.121473E-01  -0.177727E-01
  -0.323523E-03   0.981040E-03  -0.151390E-02  -0.293273E-02  -0.339908E-03
   0.466522E-02   0.621921E-03  -0.981269E-02  -0.118435E-01  -0.362030E-02
   0.396951E-02   0.134293E-03  -0.132126E-02   0.433157E-02  -0.315116E-02
  -0.909063E-02  -0.168137E-02   0.717936E-02   0.178967E-02  -0.540644E-02
   0.445185E-02   0.102148E-01   0.388778E-02  -0.103504E-01  -0.501299E-03
   0.165225E-01   0.120518E-01   0.107687E-01   0.352053E-02  -0.932739E-02
  -0.133523E-01   0.622964E-02   0.864193E-02  -0.282389E-02  -0.976678E-03
   0.461700E-02   0.392237E-02   0.308699E-02   0.589301E-02  -0.156931E-02
  -0.670705E-02  -0.884396E-02  -0.788210E-02   0.183544E-02   0.697420E-02
   0.396928E-02  -0.749858E-02  -0.657242E-02  -0.689474E-02  -0.908366E-02
   0.104903E-02   0.206507E-03  -0.186205E-02   0.367349E-02   0.403254E-02
   0.133464E-02  -0.986802E-02  -0.742103E-02   0.371125E-02  -0.131429E-02
  -0.175696E-02   0.369087E-02   0.864501E-02   0.510664E-02   0.677842E-02
   0.903467E-02   0.100251E-01   0.138236E-01   0.675397E-02  -0.675796E-02
  -0.510249E-02   0.290962E-02  -0.273199E-02  -0.455166E-02   0.625866E-03
  -0.708328E-02  -0.180789E-01  -0.115988E-01  -0.556957E-02  -0.623460E-02
   0.207739E-02   0.704786E-02   0.583713E-02   0.331163E-02   0.354114E-02
  -0.369527E-03  -0.581529E-02  -0.108316E-01  -0.145138E-01  -0.961577E-02
  -0.568978E-02   0.260590E-02   0.646457E-02   0.128610E-01   0.802215E-02
  -0.505526E-02  -0.181368E-02   0.458582E-02   0.400239E-02  -0.614353E-02
  -0.188303E-01  -0.255765E-01  -0.183602E-02   0.174389E-01   0.476852E-02
  -0.137057E-01  -0.750408E-02   0.565598E-02   0.304582E-02   0.507768E-02
  -0.625120E-03  -0.329240E-02  -0.428586E-02  -0.860248E-02  -0.142267E-01
  -0.146633E-03   0.157821E-02  -0.102089E-01  -0.918989E-02  -0.531080E-02
   0.688638E-02   0.262178E-02  -0.113797E-01  -0.110360E-01   0.839917E-03
  -0.480576E-02  -0.941001E-02  -0.208741E-02   0.878684E-02   0.186125E-01
   0.488539E-02  -0.166723E-01  -0.925278E-02   0.208954E-01   0.165472E-01
  -0.112794E-01  -0.178941E-01   0.252788E-04   0.146337E-01   0.273195E-03
  -0.101308E-01  -0.106254E-01  -0.773984E-02  -0.803255E-02   0.684928E-02
   0.220065E-01  -0.571604E-02  -0.294728E-01  -0.131701E-01   0.154276E-01
   0.302809E-01   0.168751E-01   0.144047E-03  -0.171844E-02   0.168431E-02
   0.943532E-02   0.133655E-02   0.833481E-02   0.836544E-02  -0.106646E-03
   0.213667E-03  -0.322676E-02  -0.298907E-02  -0.193141E-01   0.153776E-02
   0.174365E-01   0.292503E-02  -0.593363E-02  -0.222159E-01  -0.357818E-01
  -0.244210E-01  -0.480435E-02   0.897589E-02  -0.429020E-02  -0.959008E-02
   0.620466E-02   0.149389E-01   0.233754E-01   0.382001E-02  -0.126703E-01
  -0.927672E-02  -0.647678E-02  -0.354016E-02   0.104696E-01   0.105584E-01
   0.641720E-02   0.111347E-01   0.368674E-02  -0.103219E-01  -0.240082E-01
  -0.128586E-01  -0.598126E-03  -0.115488E-01   0.163895E-03   0.229283E-01
   0.238076E-01   0.162466E-02  -0.898432E-02   0.568740E-02   0.110690E-01
   0.539270E-02  -0.200123E-02  -0.637291E-02  -0.748977E-02  -0.145542E-01
   0.305508E-02   0.708616E-02  -0.139615E-01  -0.250295E-01  -0.149426E-01
   0.175071E-02  -0.111492E-01  -0.151669E-01  -0.205260E-01  -0.786771E-02
   0.201048E-01   0.307781E-01   0.187340E-01   0.821851E-03  -0.948214E-02
  -0.110101E-01   0.241829E-02  -0.103131E-02  -0.157529E-01  -0.292943E-02
   0.170544E-01   0.711460E-02  -0.267735E-02   0.211975E-02   0.125075E-01
   0.131420E-01   0.356727E-02  -0.285664E-02  -0.695699E-02  -0.722724E-02
  -0.648769E-02  -0.604497E-02  -0.355816E-02  -0.119201E-01  -0.679146E-02
   0.254873E-02  -0.563243E-03   0.154311E-02  -0.685544E-03  -0.632915E-02
   0.476952E-02   0.907600E-02  -0.497853E-02  -0.122429E-01  -0.869429E-02
  -0.269358E-02  -0.134688E-01  -0.845851E-02  -0.116347E-01  -0.614811E-02
   0.124465E-01   0.618670E-03  -0.140479E-01   0.766391E-02   0.332976E-01
   0.238749E-01   0.651568E-03  -0.409138E-02   0.809155E-02   0.781722E-02
   0.898620E-02   0.116413E-01  -0.826098E-03  -0.263756E-02   0.775408E-03
  -0.841780E-02  -0.169001E-01  -0.144449E-01  -0.108850E-01  -0.218989E-01
  -0.122690E-01   0.191614E-02  -0.837968E-02  -0.914463E-02   0.247424E-02
   0.860246E-02   0.122582E-01   0.131538E-01   0.473886E-02  -0.833136E-02
  -0.151327E-01  -0.164311E-02   0.205797E-01   0.339213E-01   0.190059E-01
  -0.160963E-01  -0.243052E-01  -0.272296E-02   0.697627E-02  -0.757601E-02
  -0.749843E-02   0.580956E-02   0.475698E-02   0.672971E-02   0.197409E-01
   0.313965E-01   0.247298E-01  -0.745928E-02  -0.328001E-01  -0.312456E-01
  -0.191667E-01  -0.201021E-02   0.474837E-02  -0.610948E-02   0.127208E-01
   0.354424E-01   0.368347E-01   0.541267E-02   0.590171E-03   0.525969E-03
  -0.956279E-02  -0.950358E-02  -0.196525E-01  -0.237447E-01  -0.272596E-01
  -0.275533E-01  -0.126010E-01   0.173911E-01   0.208663E-01   0.501149E-02
  -0.105383E-01   0.524009E-02   0.108267E-01   0.166214E-01   0.692836E-02
   0.188920E-01   0.334862E-01   0.327590E-01   0.823216E-02  -0.233113E-01
  -0.180776E-01  -0.150155E-01  -0.288968E-02  -0.108538E-01   0.655972E-02
   0.118189E-01  -0.136994E-01  -0.176080E-01  -0.140522E-01  -0.514550E-02
   0.480568E-02  -0.117876E-01  -0.196895E-01  -0.754159E-03   0.139227E-01
  -0.700970E-02   0.939222E-03   0.145155E-01  -0.105408E-01  -0.223462E-01
  -0.325512E-01  -0.993163E-02  -0.499171E-02  -0.268125E-01  -0.269400E-01
  -0.103955E-01  -0.146366E-01  -0.316124E-01  -0.392236E-01  -0.199496E-01
  -0.486883E-02  -0.428736E-02   0.157843E-01   0.357600E-01   0.360079E-01
   0.477594E-01   0.210140E-01  -0.159997E-01   0.728089E-02   0.165201E-01
   0.282410E-01   0.245384E-01   0.238378E-01   0.325435E-01   0.445102E-01
   0.226415E-01   0.518324E-02   0.268440E-01   0.282099E-01  -0.154653E-02
  -0.232949E-01  -0.184651E-01  -0.230235E-01  -0.349125E-01  -0.601921E-01
  -0.510641E-01   0.207898E-02   0.501578E-01   0.427934E-01   0.294641E-01
   0.328628E-01   0.211166E-01   0.961435E-03  -0.159399E-01  -0.973212E-02
  -0.739626E-02   0.502842E-02   0.366281E-01   0.295545E-01   0.287131E-02
  -0.155284E-01  -0.372339E-01  -0.169410E-01   0.253646E-01   0.574528E-01
   0.610708E-01   0.340735E-01   0.151190E-01   0.552693E-02   0.346558E-02
   0.112860E-01   0.177814E-01   0.253121E-01   0.502848E-01   0.490589E-01
   0.295983E-01   0.424871E-01   0.572425E-01   0.573844E-01   0.645061E-01
   0.782149E-01   0.819196E-01   0.740902E-01   0.640208E-01   0.557680E-01
   0.332363E-01  -0.856936E-02  -0.358359E-01  -0.308899E-01  -0.125513E-01
   0.261825E-02   0.114362E-01   0.271667E-01   0.464091E-01   0.540214E-01
   0.452342E-01   0.283920E-01   0.116600E-01  -0.128087E-01  -0.371092E-01
  -0.408352E-01  -0.386584E-01  -0.278219E-01  -0.146603E-02   0.108220E-01
  -0.876401E-02  -0.527504E-01  -0.785961E-01  -0.823007E-01  -0.761399E-01
  -0.616476E-01  -0.637508E-01  -0.725564E-01  -0.800034E-01  -0.806724E-01
  -0.691780E-01  -0.454303E-01  -0.132380E-01   0.428668E-02  -0.114243E-01
  -0.288805E-01  -0.957799E-02   0.428542E-01   0.103716E+00   0.139602E+00
   0.141125E+00   0.838390E-01   0.218047E-01  -0.568932E-02   0.260742E-02
   0.436798E-01   0.752713E-01   0.111131E+00   0.138348E+00   0.146080E+00
   0.148780E+00   0.121426E+00   0.893069E-01   0.499217E-01   0.532736E-02
  -0.100168E-02   0.360572E-02  -0.185303E-01  -0.670975E-01  -0.106668E+00
  -0.118624E+00  -0.110429E+00  -0.506610E-01   0.150373E-01   0.108462E-01
  -0.274007E-01  -0.486738E-01  -0.995757E-02   0.552093E-01   0.856584E-01
   0.919427E-01   0.793804E-01   0.616325E-01   0.546741E-01   0.671987E-01
   0.104337E+00   0.119691E+00   0.824000E-01   0.890800E-02  -0.552306E-01
  -0.900992E-01  -0.107566E+00  -0.115391E+00  -0.122934E+00  -0.131431E+00
  -0.124917E+00  -0.113734E+00  -0.121531E+00  -0.124840E+00  -0.979088E-01
  -0.773170E-01  -0.101010E+00  -0.140535E+00  -0.152735E+00  -0.116211E+00
  -0.339453E-01   0.514594E-01   0.955051E-01   0.801368E-01   0.336432E-01
   0.688462E-02  -0.311847E-02  -0.962295E-02  -0.230949E-02   0.213689E-01
   0.684021E-01   0.824109E-01   0.454502E-01   0.835389E-02  -0.266147E-01
  -0.250184E-01   0.151391E-01   0.521631E-01   0.716013E-01   0.880315E-01
   0.104729E+00   0.830765E-01   0.231393E-01  -0.137122E-01  -0.105451E-01
  -0.115987E-01  -0.237397E-01   0.354131E-02   0.745038E-01   0.105222E+00
   0.839838E-01   0.712420E-01   0.696927E-01   0.657147E-01   0.686810E-01
   0.419519E-01   0.147027E-01   0.249139E-01   0.446367E-01   0.392022E-01
   0.295765E-01   0.435914E-01   0.687681E-01   0.963112E-01   0.997211E-01
   0.943397E-01   0.673617E-01   0.444098E-01   0.387121E-01   0.372576E-01
   0.219526E-01  -0.157741E-01  -0.150662E-01   0.605707E-02   0.194977E-01
   0.371070E-01   0.369918E-01  -0.435007E-03  -0.642992E-01  -0.120557E+00
  -0.154397E+00  -0.180722E+00  -0.203999E+00  -0.222439E+00  -0.230100E+00
  -0.241212E+00  -0.244803E+00  -0.225838E+00  -0.199112E+00  -0.181082E+00
  -0.169700E+00  -0.149026E+00  -0.119631E+00  -0.943751E-01  -0.736313E-01
  -0.509801E-01  -0.486331E-01  -0.527916E-01  -0.583444E-01  -0.668634E-01
  -0.736769E-01  -0.745071E-01  -0.582330E-01  -0.361132E-01  -0.159110E-01
   0.247960E-02   0.211477E-01   0.431522E-01   0.665847E-01   0.901396E-01
   0.111975E+00   0.138976E+00   0.157530E+00   0.168674E+00   0.168142E+00
   0.136579E+00   0.886702E-01   0.399877E-01   0.261024E-01   0.285791E-01
   0.143134E-01   0.792415E-02   0.126417E-01   0.297471E-01   0.575177E-01
   0.707023E-01   0.788603E-01   0.801914E-01   0.600465E-01   0.291150E-01
   0.539601E-02  -0.995698E-02  -0.216502E-01  -0.464596E-01  -0.704694E-01
  -0.782947E-01  -0.811079E-01  -0.897411E-01  -0.112599E+00  -0.125533E+00
  -0.133185E+00  -0.121262E+00  -0.984537E-01  -0.929946E-01  -0.987290E-01
  -0.111544E+00  -0.112195E+00  -0.106586E+00  -0.102443E+00  -0.983861E-01
  -0.853983E-01  -0.673137E-01  -0.381519E-01  -0.473049E-02   0.188203E-01
   0.264632E-01   0.166448E-01  -0.811500E-04  -0.122232E-01  -0.123527E-01
  -0.212491E-01  -0.303831E-01  -0.454403E-01  -0.677181E-01  -0.855313E-01
  -0.738706E-01  -0.245067E-01   0.113290E-01   0.209844E-01   0.147900E-01
   0.769080E-02   0.179014E-02  -0.103611E-01  -0.332508E-01  -0.649504E-01
  -0.705307E-01  -0.634601E-01  -0.703766E-01  -0.806337E-01  -0.797840E-01
  -0.697992E-01  -0.746085E-01  -0.824022E-01  -0.889577E-01  -0.863842E-01
  -0.536106E-01  -0.458321E-02   0.367319E-01   0.532274E-01   0.665823E-01
   0.949475E-01   0.112939E+00   0.127697E+00   0.139218E+00   0.145570E+00
   0.139968E+00   0.115594E+00   0.900742E-01   0.697406E-01   0.590704E-01
   0.428994E-01   0.175810E-01  -0.837290E-02  -0.302590E-01  -0.440524E-01
  -0.535098E-01  -0.565769E-01  -0.485597E-01  -0.348845E-01  -0.237726E-01
  -0.109807E-01   0.145907E-01   0.463749E-01   0.741302E-01   0.800136E-01
   0.633632E-01   0.364536E-01   0.120134E-01  -0.116802E-01  -0.207041E-01
  -0.630164E-02   0.127291E-02  -0.103285E-01  -0.273605E-01  -0.355470E-01
  -0.407856E-01  -0.432010E-01  -0.403847E-01  -0.361966E-01  -0.208343E-01
  -0.332800E-02   0.149545E-01   0.379158E-01   0.517021E-01   0.592971E-01
   0.559566E-01   0.493429E-01   0.511851E-01   0.607558E-01   0.642677E-01
   0.623746E-01   0.599093E-01   0.458639E-01   0.227130E-01   0.193001E-01
   0.389525E-01   0.510752E-01   0.508570E-01   0.457540E-01   0.414934E-01
   0.407560E-01   0.455817E-01   0.476839E-01   0.427961E-01   0.315945E-01
   0.276645E-01   0.292445E-01   0.353298E-01   0.476412E-01   0.656443E-01
   0.792950E-01   0.759606E-01   0.728904E-01   0.775100E-01   0.731628E-01
   0.643592E-01   0.573213E-01   0.512890E-01   0.620857E-01   0.787709E-01
   0.799399E-01   0.616268E-01   0.266827E-01  -0.207902E-01  -0.594838E-01
  -0.779835E-01  -0.796910E-01  -0.609750E-01  -0.317316E-01  -0.200066E-01
  -0.196251E-01  -0.154829E-01  -0.593159E-02  -0.145071E-02   0.707651E-02
   0.218747E-01   0.323644E-01   0.289699E-01   0.142115E-01   0.499379E-02
  -0.405359E-02  -0.141954E-01  -0.216179E-01  -0.173972E-01  -0.155142E-01
  -0.175746E-01  -0.865876E-02   0.153153E-01   0.366109E-01   0.301135E-01
   0.735737E-02  -0.256743E-01  -0.468464E-01  -0.309630E-01  -0.927978E-02
  -0.180589E-01  -0.359456E-01  -0.404530E-01  -0.777724E-02   0.489888E-01
   0.705608E-01   0.686789E-01   0.687871E-01   0.778080E-01   0.808242E-01
   0.732527E-01   0.771981E-01   0.851796E-01   0.868728E-01   0.713953E-01
   0.422244E-01   0.187032E-01   0.112929E-01   0.170437E-01   0.220580E-01
   0.148375E-01  -0.472000E-02  -0.262308E-01  -0.493154E-01  -0.655201E-01
  -0.757486E-01  -0.750020E-01  -0.543531E-01  -0.221333E-01   0.140675E-01
   0.407732E-01   0.443146E-01   0.353672E-01   0.245501E-01   0.179986E-01
   0.256323E-01   0.441178E-01   0.651941E-01   0.672147E-01   0.358038E-01
   0.513141E-02  -0.107653E-01  -0.216711E-01  -0.139068E-01   0.657735E-03
   0.125050E-01   0.315064E-02  -0.595796E-02   0.110424E-01   0.326358E-01
   0.460682E-01   0.337038E-01   0.475230E-03  -0.203593E-01  -0.276757E-01
  -0.159080E-01   0.357300E-02  -0.356699E-02  -0.268638E-01  -0.486326E-01
  -0.636858E-01  -0.722558E-01  -0.683380E-01  -0.588469E-01  -0.600403E-01
  -0.670354E-01  -0.601086E-01  -0.517487E-01  -0.523811E-01  -0.525769E-01
  -0.485459E-01  -0.498178E-01  -0.523219E-01  -0.516069E-01  -0.585398E-01
  -0.739683E-01  -0.776607E-01  -0.631808E-01  -0.398921E-01  -0.166152E-02
   0.190802E-01   0.196432E-01   0.196697E-01   0.184049E-01   0.106693E-01
   0.113496E-01   0.311988E-01   0.582217E-01   0.759615E-01   0.765001E-01
   0.652036E-01   0.534797E-01   0.533043E-01   0.582309E-01   0.516080E-01
   0.321994E-01   0.820393E-02  -0.641573E-02   0.276427E-02   0.216853E-01
   0.344649E-01   0.296402E-01   0.186977E-01   0.136584E-02  -0.272013E-01
  -0.453440E-01  -0.603962E-01  -0.724924E-01  -0.745150E-01  -0.643426E-01
  -0.386845E-01  -0.157977E-01  -0.394227E-02   0.448823E-03  -0.256630E-02
  -0.286211E-02  -0.114678E-01  -0.220993E-01  -0.128979E-01  -0.239803E-02
   0.865468E-02   0.190301E-01   0.961959E-02  -0.933508E-02  -0.182315E-01
  -0.260039E-01  -0.345220E-01  -0.333459E-01  -0.277869E-01  -0.601911E-02
   0.129531E-02   0.204194E-02   0.119002E-01  -0.157296E-02  -0.175431E-01
  -0.150451E-01   0.250293E-02   0.117013E-01  -0.184229E-02   0.601884E-02
   0.361170E-01   0.334660E-01   0.113330E-01  -0.698621E-02  -0.224413E-01
  -0.444437E-01  -0.444498E-01  -0.387001E-01  -0.448293E-01  -0.237643E-01
  -0.472598E-02  -0.159663E-02   0.778225E-02   0.202740E-02  -0.205381E-01
  -0.487747E-01  -0.489012E-01  -0.329954E-01  -0.368255E-01  -0.404302E-01
  -0.444398E-01  -0.345979E-01  -0.132921E-01  -0.116377E-01  -0.283994E-01
  -0.423010E-01  -0.448041E-01  -0.251456E-01  -0.222499E-01  -0.318420E-01
  -0.216746E-01  -0.632874E-02   0.796655E-02   0.251821E-01   0.324639E-01
   0.131175E-01  -0.274965E-02  -0.183881E-02   0.216885E-01   0.395966E-01
   0.433053E-01   0.456248E-01   0.366334E-01   0.183040E-01  -0.546812E-02
  -0.205519E-01  -0.107910E-02   0.340313E-01   0.496424E-01   0.432296E-01
   0.351563E-01   0.387946E-01   0.334365E-01   0.169594E-01   0.111158E-01
   0.286282E-01   0.385517E-01   0.988462E-02  -0.179991E-01  -0.122780E-01
   0.856977E-02   0.159117E-01   0.119847E-01   0.707437E-02  -0.622578E-03
   0.716714E-02   0.165389E-01   0.175323E-01   0.129545E-01  -0.256377E-02
  -0.438042E-02   0.465165E-02   0.170456E-01   0.334564E-01   0.414715E-01
   0.385349E-01   0.227341E-01   0.735754E-02   0.152166E-01   0.294293E-01
   0.342436E-01   0.280950E-01   0.724417E-02  -0.252236E-02   0.215736E-02
   0.791625E-02   0.109762E-01   0.625869E-02  -0.425652E-02  -0.195747E-02
   0.140544E-01   0.201010E-01   0.177519E-01   0.309150E-01   0.520973E-01
   0.619249E-01   0.596574E-01   0.585283E-01   0.677684E-01   0.673257E-01
   0.458638E-01   0.236288E-01   0.166805E-01   0.221559E-01   0.302771E-01
   0.267621E-01   0.847858E-02   0.911502E-02   0.219190E-01   0.176952E-01
   0.665263E-02  -0.684303E-02  -0.274012E-01  -0.538600E-01  -0.681645E-01
  -0.710981E-01  -0.716489E-01  -0.632074E-01  -0.479350E-01  -0.397434E-01
  -0.393936E-01  -0.412827E-01  -0.470253E-01  -0.511523E-01  -0.455872E-01
  -0.310176E-01  -0.185338E-01  -0.147721E-01  -0.121599E-01  -0.696411E-02
  -0.764857E-02  -0.102180E-01  -0.304336E-02   0.613558E-02   0.886200E-02
   0.699331E-02   0.596001E-02   0.283774E-02  -0.460728E-02  -0.625360E-02
   0.125049E-02   0.503362E-02   0.248256E-02   0.493472E-05  -0.243495E-02
  -0.496256E-02  -0.125626E-01  -0.174056E-01  -0.247038E-01  -0.379128E-01
  -0.376293E-01  -0.341471E-01  -0.370603E-01  -0.411770E-01  -0.385128E-01
  -0.249714E-01  -0.184414E-01  -0.185832E-01  -0.173144E-01  -0.164668E-01
  -0.142912E-01  -0.133100E-01  -0.184529E-01  -0.306572E-01  -0.406441E-01
  -0.371150E-01  -0.193721E-01  -0.580411E-02  -0.944965E-02  -0.165775E-01
  -0.143896E-01  -0.640612E-02  -0.181413E-02  -0.361449E-02  -0.749156E-02
  -0.906343E-02  -0.175295E-01  -0.273623E-01  -0.347951E-01  -0.387589E-01
  -0.305133E-01  -0.167923E-01  -0.631288E-02  -0.692187E-02  -0.149167E-01
  -0.193221E-01  -0.233124E-01  -0.406841E-01  -0.609872E-01  -0.691534E-01
  -0.555508E-01  -0.375631E-01  -0.185177E-01   0.149933E-01   0.367845E-01
   0.275218E-01   0.447691E-02   0.651848E-03   0.964105E-02   0.159609E-01
   0.264128E-01   0.368983E-01   0.454193E-01   0.449991E-01   0.464719E-01
   0.582977E-01   0.622063E-01   0.565034E-01   0.487217E-01   0.433096E-01
   0.367856E-01   0.303432E-01   0.321016E-01   0.352564E-01   0.383867E-01
   0.472321E-01   0.560255E-01   0.618159E-01   0.650391E-01   0.689905E-01
   0.645024E-01   0.525449E-01   0.484638E-01   0.444103E-01   0.382433E-01
   0.256840E-01   0.589182E-02  -0.475807E-02   0.341863E-03   0.134488E-01
   0.214659E-01   0.188496E-01   0.132711E-01   0.120246E-01   0.177967E-01
   0.174815E-01   0.108198E-01   0.671115E-02  -0.601443E-02  -0.182718E-01
  -0.142857E-01   0.451686E-02   0.136519E-01   0.106347E-01   0.742263E-02
   0.240212E-02   0.324049E-02   0.908603E-02   0.993052E-02   0.130649E-01
   0.249264E-01   0.341859E-01   0.265032E-01   0.789424E-02  -0.410511E-02
  -0.120551E-01  -0.237851E-01  -0.281651E-01  -0.244830E-01  -0.249298E-01
  -0.343445E-01  -0.445639E-01  -0.460665E-01  -0.458503E-01  -0.473171E-01
  -0.457984E-01  -0.376701E-01  -0.297101E-01  -0.247183E-01  -0.282517E-01
  -0.288250E-01  -0.251816E-01  -0.188373E-01  -0.909535E-02  -0.556725E-02
  -0.756041E-02  -0.228941E-01  -0.359247E-01  -0.366765E-01  -0.265276E-01
  -0.187206E-01  -0.197560E-01  -0.191818E-01  -0.157914E-01  -0.819862E-02
  -0.446700E-03  -0.476852E-02  -0.209387E-01  -0.218435E-01  -0.721370E-02
   0.812600E-02   0.141327E-01   0.850527E-02   0.105817E-02  -0.766291E-02
  -0.105098E-01   0.255528E-02   0.199095E-01   0.197442E-01  -0.371592E-02
  -0.402157E-01  -0.670214E-01  -0.587319E-01  -0.305453E-01  -0.122609E-01
   0.508617E-02   0.307870E-01   0.592480E-01   0.688879E-01   0.373311E-01
  -0.107804E-01  -0.355226E-01  -0.146841E-01   0.218879E-01   0.367217E-01
   0.373091E-01   0.109645E-01  -0.226344E-01  -0.496706E-01  -0.686539E-01
  -0.439884E-01  -0.127938E-01   0.323747E-02   0.198256E-01   0.272919E-01
  -0.729574E-03  -0.186276E-01  -0.214551E-02  -0.130045E-01  -0.304741E-01
  -0.328692E-01  -0.242136E-01   0.131867E-01   0.410989E-01   0.265668E-01
  -0.294286E-02  -0.994321E-02   0.117205E-01   0.308964E-01   0.389053E-01
   0.445591E-01   0.456820E-01   0.325780E-01   0.146116E-01  -0.818017E-03
  -0.121727E-01  -0.777562E-02   0.497836E-02   0.232169E-01   0.397235E-01
   0.475182E-01   0.472988E-01   0.274883E-01   0.222991E-02  -0.104019E-01
  -0.337416E-02   0.190596E-01   0.370676E-01   0.434129E-01   0.394308E-01
   0.275864E-01   0.646927E-02  -0.647870E-02  -0.362076E-02   0.106979E-01
   0.144004E-01   0.634944E-02   0.496725E-02   0.580049E-02   0.952339E-02
   0.130851E-01   0.255047E-02  -0.198509E-01  -0.315330E-01  -0.219604E-01
  -0.765707E-02  -0.102411E-02   0.119531E-02  -0.188418E-02  -0.250954E-02
  -0.445274E-02  -0.108207E-01  -0.147651E-01  -0.225723E-01  -0.310833E-01
  -0.402665E-01  -0.552045E-01  -0.680097E-01  -0.668623E-01  -0.595663E-01
  -0.501906E-01  -0.336789E-01  -0.185351E-01  -0.957040E-02  -0.369021E-02
  -0.680292E-03  -0.437790E-02  -0.128501E-01  -0.197638E-01  -0.200658E-01
  -0.125842E-01  -0.950189E-02  -0.181332E-01  -0.248847E-01  -0.219748E-01
  -0.140474E-01  -0.103602E-01  -0.548883E-02   0.237220E-02   0.594618E-02
   0.479959E-02   0.400694E-02   0.674043E-02   0.810406E-02   0.798767E-02
   0.647592E-02   0.745501E-02   0.106444E-01   0.115878E-01   0.201547E-01
   0.282707E-01   0.240652E-01   0.133499E-01  -0.271006E-02  -0.916065E-02
   0.518248E-02   0.246603E-01   0.343002E-01   0.293898E-01   0.176281E-01
   0.128717E-01   0.136876E-01   0.107407E-01   0.849556E-02   0.144002E-01
   0.281773E-01   0.379763E-01   0.425019E-01   0.305902E-01   0.404258E-02
  -0.212343E-02   0.832125E-02   0.195371E-01   0.281661E-01   0.409711E-01
   0.563628E-01   0.651938E-01   0.693727E-01   0.654925E-01   0.500057E-01
   0.249013E-01   0.285391E-02   0.260696E-02   0.145551E-01   0.249876E-01
   0.235574E-01   0.608979E-02  -0.163034E-01  -0.330836E-01  -0.404685E-01
  -0.360275E-01  -0.295516E-01  -0.175586E-01  -0.313898E-02   0.796062E-03
   0.149260E-02   0.106000E-02  -0.744488E-02  -0.214965E-01  -0.198595E-01
  -0.762170E-02  -0.543902E-02  -0.160665E-01  -0.259617E-01  -0.318523E-01
  -0.339597E-01  -0.245758E-01  -0.168648E-01  -0.174993E-01  -0.132511E-01
  -0.575835E-02  -0.446001E-02  -0.801994E-02  -0.103681E-01  -0.868318E-02
  -0.270916E-02  -0.755531E-02  -0.210817E-01  -0.294407E-01  -0.268245E-01
  -0.150446E-01  -0.104792E-01  -0.655237E-02  -0.467263E-02  -0.107071E-01
  -0.189906E-01  -0.175332E-01  -0.623577E-02   0.492596E-02   0.511657E-02
   0.745877E-04   0.145656E-02  -0.794490E-02  -0.223291E-01  -0.203718E-01
  -0.714866E-02  -0.911535E-02  -0.110953E-01  -0.874006E-03  -0.347813E-03
  -0.102705E-01  -0.125901E-01  -0.295328E-02   0.667437E-02   0.130105E-01
   0.135448E-01   0.104735E-01   0.886380E-02   0.116442E-01   0.116981E-01
   0.100262E-01   0.114979E-01   0.859897E-02   0.487804E-03  -0.116728E-01
  -0.245749E-01  -0.342517E-01  -0.404229E-01  -0.369448E-01  -0.292154E-01
  -0.214441E-01  -0.177927E-01  -0.144176E-01  -0.112476E-01  -0.158969E-01
  -0.159195E-01  -0.186562E-01  -0.236156E-01  -0.251631E-01  -0.223643E-01
  -0.151123E-01  -0.394034E-02   0.772943E-03  -0.207411E-03  -0.367684E-03
  -0.393782E-02  -0.695103E-02  -0.511414E-02   0.495516E-02   0.147103E-01
   0.167940E-01   0.104974E-01   0.408456E-02   0.252893E-02   0.589479E-02
   0.102837E-01   0.120339E-01   0.156007E-01   0.200641E-01   0.225191E-01
   0.260471E-01   0.257257E-01   0.262039E-01   0.269872E-01   0.247420E-01
   0.266370E-01   0.313473E-01   0.366246E-01   0.414246E-01   0.453484E-01
   0.461306E-01   0.392067E-01   0.252887E-01   0.159025E-01   0.170753E-01
   0.176158E-01   0.170822E-01   0.206276E-01   0.205734E-01   0.155793E-01
   0.102660E-01   0.813611E-02   0.683751E-02   0.555727E-02   0.103613E-01
   0.154867E-01   0.126346E-01   0.118634E-01   0.125670E-01   0.351133E-02
  -0.724471E-02  -0.723057E-02  -0.166254E-02   0.130144E-02  -0.633727E-05
  -0.477396E-02  -0.124292E-01  -0.188513E-01  -0.163289E-01  -0.162301E-01
  -0.199502E-01  -0.204420E-01  -0.186816E-01  -0.178199E-01  -0.172692E-01
  -0.133179E-01  -0.121093E-01  -0.101001E-01  -0.436373E-02   0.893209E-03
  -0.194253E-02  -0.789030E-02  -0.382166E-02  -0.205720E-02  -0.299473E-02
  -0.320295E-02  -0.286446E-02  -0.632342E-02  -0.133952E-01  -0.132393E-01
  -0.135659E-01  -0.208447E-01  -0.245505E-01  -0.216447E-01  -0.212501E-01
  -0.236003E-01  -0.266319E-01  -0.277326E-01  -0.238466E-01  -0.152104E-01
  -0.740243E-02  -0.584809E-02  -0.680194E-02  -0.608095E-02  -0.204291E-02
   0.526830E-02   0.718167E-02   0.367375E-02   0.519544E-02   0.981079E-02
   0.146842E-01   0.187967E-01   0.186476E-01   0.177101E-01   0.160127E-01
   0.118162E-01   0.458328E-02   0.403437E-02   0.619459E-02   0.419830E-02
  -0.314331E-03  -0.469640E-02  -0.536159E-02  -0.102588E-01  -0.174632E-01
  -0.218799E-01  -0.170483E-01  -0.612223E-02   0.309128E-02   0.988127E-02
   0.123699E-01   0.114803E-01   0.146279E-01   0.213720E-01   0.262444E-01
   0.250467E-01   0.185982E-01   0.134011E-01   0.100258E-01   0.105917E-01
   0.857606E-02   0.428069E-02   0.252920E-02   0.174059E-02   0.205052E-02
   0.432599E-02   0.905558E-02   0.112413E-01   0.564949E-02   0.346756E-02
   0.436501E-02   0.233608E-02   0.409849E-02   0.566811E-02   0.106180E-01
   0.123682E-01   0.629598E-02   0.409365E-02   0.602435E-02   0.420554E-02
   0.876503E-04   0.131252E-02   0.481606E-02   0.711907E-02   0.634372E-02
  -0.206735E-02  -0.105447E-01  -0.133591E-01  -0.147515E-01  -0.159063E-01
  -0.146060E-01  -0.994879E-02  -0.622391E-02  -0.444314E-02   0.129115E-02
   0.740079E-02   0.527904E-02  -0.341314E-03  -0.565975E-02  -0.644122E-02
  -0.854870E-02  -0.135040E-01  -0.125066E-01  -0.839208E-02  -0.846057E-02
  -0.142360E-01  -0.181182E-01  -0.161569E-01  -0.923843E-02  -0.108063E-02
   0.362448E-02   0.544808E-02   0.482777E-02   0.106381E-02  -0.180741E-03
   0.804424E-03  -0.713492E-03  -0.697327E-03  -0.153184E-02  -0.197774E-02
  -0.263579E-02  -0.407925E-02   0.361675E-03  -0.174376E-02  -0.994472E-02
  -0.133088E-01  -0.116780E-01  -0.625380E-02  -0.688330E-02  -0.922130E-02
  -0.912965E-02  -0.698169E-02  -0.548346E-02  -0.619048E-02  -0.469736E-02
  -0.657635E-02  -0.810753E-02  -0.794551E-02  -0.665231E-02  -0.432278E-02
  -0.452898E-02  -0.380290E-02  -0.356947E-02  -0.364103E-02   0.128337E-02
   0.749808E-02   0.116259E-01   0.142196E-01   0.161350E-01   0.154565E-01
   0.152054E-01   0.169393E-01   0.142769E-01   0.132068E-01   0.131148E-01
   0.147548E-01   0.164907E-01   0.156164E-01   0.176705E-01   0.182538E-01
   0.208332E-01   0.236248E-01   0.221171E-01   0.166171E-01   0.142628E-01
   0.167178E-01   0.148775E-01   0.132372E-01   0.123680E-01   0.120313E-01
   0.121484E-01   0.879958E-02   0.432570E-02   0.166946E-02   0.191002E-02
   0.243210E-02   0.445257E-02   0.819479E-02   0.767341E-02   0.339231E-02
  -0.243511E-02  -0.796775E-02  -0.926637E-02  -0.389010E-02   0.402698E-02
   0.404620E-02  -0.205866E-02  -0.731692E-02  -0.953762E-02  -0.972444E-02
  -0.955221E-02  -0.111507E-01  -0.143598E-01  -0.136745E-01  -0.109737E-01
  -0.115380E-01  -0.146571E-01  -0.151362E-01  -0.159274E-01  -0.171933E-01
  -0.150121E-01  -0.100424E-01  -0.512644E-02  -0.711110E-02  -0.133307E-01
  -0.144227E-01  -0.968801E-02  -0.545931E-02  -0.230236E-02   0.332371E-02
   0.742773E-02   0.720421E-02   0.101446E-02  -0.504553E-02  -0.549651E-02
  -0.454819E-02  -0.299454E-02  -0.175599E-02  -0.246122E-02  -0.240413E-02
  -0.244231E-02  -0.225991E-02  -0.446520E-03   0.201253E-02   0.521469E-02
   0.530902E-02  -0.152816E-02  -0.829518E-02  -0.935904E-02  -0.712188E-02
   0.312012E-03   0.535052E-02   0.180346E-02  -0.387504E-02  -0.733584E-02
  -0.749708E-02  -0.892858E-02  -0.134388E-01  -0.144464E-01  -0.742778E-02
   0.353872E-03   0.132642E-02   0.155663E-02   0.318489E-02   0.176997E-02
  -0.514849E-03  -0.964677E-03  -0.959741E-03   0.949228E-03   0.540054E-02
   0.876917E-02   0.103721E-01   0.127486E-01   0.124442E-01   0.810549E-02
   0.525605E-02   0.471317E-02   0.586923E-02   0.778737E-02   0.941685E-02
   0.105290E-01   0.958956E-02   0.911411E-02   0.988757E-02   0.120291E-01
   0.131707E-01   0.113980E-01   0.922008E-02   0.910720E-02   0.979353E-02
   0.975223E-02   0.997827E-02   0.108759E-01   0.118012E-01   0.881019E-02
   0.492271E-02   0.142264E-02   0.501028E-03   0.197833E-02   0.230242E-03
  -0.336696E-02  -0.642325E-02  -0.675697E-02  -0.585226E-02  -0.699226E-02
  -0.905612E-02  -0.981016E-02  -0.831879E-02  -0.790525E-02  -0.909323E-02
  -0.723766E-02  -0.586693E-02  -0.534105E-02  -0.780695E-02  -0.995190E-02
  -0.934222E-02  -0.917497E-02  -0.837032E-02  -0.855378E-02  -0.823464E-02
  -0.805479E-02  -0.965635E-02  -0.993180E-02  -0.948900E-02  -0.884948E-02
  -0.695095E-02  -0.605906E-02  -0.493474E-02  -0.420701E-02  -0.418532E-02
  -0.413276E-02  -0.313837E-02  -0.257528E-02  -0.392076E-02  -0.613145E-02
  -0.648451E-02  -0.549409E-02  -0.562404E-02  -0.603034E-02  -0.442597E-02
  -0.183469E-02  -0.113132E-02  -0.146867E-02  -0.225730E-02  -0.231118E-02
  -0.128360E-02  -0.875846E-03  -0.444809E-03   0.104578E-02   0.218208E-02
   0.200035E-02   0.606852E-03  -0.599241E-03   0.295000E-03   0.115028E-02
   0.711683E-03   0.109064E-02   0.206599E-02   0.313325E-02   0.398910E-02
   0.503262E-02   0.533651E-02   0.529326E-02   0.470351E-02   0.420578E-02
   0.475415E-02   0.438304E-02   0.410938E-02   0.416981E-02   0.416529E-02
   0.458264E-02   0.470449E-02   0.434706E-02   0.381575E-02   0.350700E-02
   0.347998E-02   0.383112E-02   0.377899E-02   0.338346E-02   0.339496E-02
   0.349449E-02   0.357019E-02   0.324368E-02   0.256542E-02   0.191879E-02
   0.143387E-02   0.100786E-02   0.485751E-03   0.274671E-03   0.324028E-03
   0.458643E-03   0.460206E-03   0.600972E-03   0.737155E-03   0.636495E-03
   0.308473E-03  -0.160647E-03  -0.294038E-03  -0.403351E-03  -0.510133E-03
  -0.805009E-03  -0.111715E-02  -0.132031E-02  -0.138159E-02  -0.122248E-02
  -0.118210E-02  -0.108407E-02  -0.101914E-02  -0.108439E-02  -0.106906E-02
  -0.104351E-02  -0.105944E-02  -0.104563E-02  -0.998706E-03  -0.872020E-03
  -0.664611E-03  -0.544596E-03  -0.503479E-03  -0.433616E-03  -0.378898E-03
  -0.318156E-03  -0.241182E-03  -0.179603E-03  -0.133364E-03  -0.695578E-04
   0.105042E-04   0.701734E-04   0.118206E-03   0.162569E-03   0.201669E-03
   0.236058E-03   0.259982E-03   0.269063E-03   0.261997E-03   0.240961E-03